      T:            <E>/L^2:     Evariance/T^2:  <M>/L^2:      Mvariance/T:     <|M|>/L^2:    MCcycles:     Accept:
      1.0000000     -1.9920000    0.038400000     0.99800000   0.0024000000     0.99800000              5              6
      1.0000000     -2.0000000      0.0000000      1.0000000      0.0000000      1.0000000              5              0
      1.0000000     -2.0000000      0.0000000      1.0000000      0.0000000      1.0000000              6              2
      1.0000000     -1.9966667    0.022222222     0.99916667   0.0013888889     0.99916667              6              2
      1.0000000     -2.0000000      0.0000000      1.0000000      0.0000000      1.0000000              7              0
      1.0000000     -2.0000000      0.0000000      1.0000000      0.0000000      1.0000000              8              0
      1.0000000     -1.9975000    0.017500000     0.99937500   0.0010937500     0.99937500              8              4
      1.0000000     -1.9933333    0.071111111     0.99833333   0.0044444444     0.99833333              9              5
      1.0000000     -1.9930000    0.048400000     0.99800000   0.0044000000     0.99800000             10              8
      1.0000000     -2.0000000      0.0000000      1.0000000      0.0000000      1.0000000             11              2
      1.0000000     -1.9966667    0.022222222     0.99916667   0.0013888889     0.99916667             12              6
      1.0000000     -1.9971429    0.019591837     0.99928571   0.0012244898     0.99928571             14              4
      1.0000000     -2.0000000      0.0000000      1.0000000      0.0000000      1.0000000             15              0
      1.0000000     -2.0000000      0.0000000      1.0000000      0.0000000      1.0000000             17              6
      1.0000000     -2.0000000      0.0000000      1.0000000      0.0000000      1.0000000             18              0
      1.0000000     -1.9950000    0.030000000     0.99875000   0.0018750000     0.99875000             20              9
      1.0000000     -1.9981818    0.013223140     0.99954545  0.00082644628     0.99954545             22              6
      1.0000000     -1.9984000    0.011776000     0.99960000  0.00073600000     0.99960000             25             10
      1.0000000     -1.9977778    0.015802469     0.99944444  0.00098765432     0.99944444             27              6
      1.0000000     -1.9980000    0.014400000     0.99950000  0.00090000000     0.99950000             30              6
      1.0000000     -1.9957576    0.026740129     0.99893939   0.0016712580     0.99893939             33             14
      1.0000000     -1.9981081    0.016946676     0.99945946   0.0015047480     0.99945946             37             12
      1.0000000     -1.9980000    0.014400000     0.99950000  0.00090000000     0.99950000             40             14
      1.0000000     -1.9950000    0.037272727     0.99875000   0.0023295455     0.99875000             44             17
      1.0000000     -1.9955102    0.034385673     0.99887755   0.0021491045     0.99887755             49             24
      1.0000000     -1.9959259    0.031879287     0.99898148   0.0019924554     0.99898148             54             14
      1.0000000     -1.9983051    0.012410227     0.99957627  0.00077563918     0.99957627             59             14
      1.0000000     -1.9947692    0.040747929     0.99869231   0.0025467456     0.99869231             65             34
      1.0000000     -1.9956944    0.039807099     0.99888889   0.0028395062     0.99888889             72             29
      1.0000000     -1.9964557    0.027380228     0.99911392   0.0017112642     0.99911392             79             28
      1.0000000     -1.9983908    0.015515920     0.99959770  0.00096974501     0.99959770             87             10
      1.0000000     -1.9978947    0.015069252     0.99947368  0.00094182825     0.99947368             95             18
      1.0000000     -1.9975238    0.020404535     0.99938095   0.0012752834     0.99938095            105             28
      1.0000000     -1.9945690    0.038201546     0.99862069   0.0025148633     0.99862069            116             40
      1.0000000     -1.9977165    0.017126914     0.99940945   0.0011990824     0.99940945            127             34
      1.0000000     -1.9979286    0.017997959     0.99946429   0.0012423469     0.99946429            140             34
      1.0000000     -1.9958442    0.032572103     0.99896104   0.0020357565     0.99896104            154             46
      1.0000000     -1.9969412    0.022610381     0.99923529   0.0014131488     0.99923529            170             56
      1.0000000     -1.9972727    0.021195916     0.99930481   0.0014109640     0.99930481            187             60
      1.0000000     -1.9955610    0.035630220     0.99885366   0.0024499703     0.99885366            205             82
      1.0000000     -1.9962389    0.027439110     0.99902655   0.0019218420     0.99902655            226             80
      1.0000000     -1.9974194    0.026690947     0.99933468   0.0017987448     0.99933468            248             62
      1.0000000     -1.9971429    0.026624804     0.99924908   0.0019356224     0.99924908            273             83
      1.0000000     -1.9972425    0.025795742     0.99930233   0.0017322105     0.99930233            301             86
      1.0000000     -1.9979456    0.017647155     0.99948640   0.0011029472     0.99948640            331             94
      1.0000000     -1.9971978    0.021694240     0.99928571   0.0014442700     0.99928571            364            118
      1.0000000     -1.9971500    0.022951000     0.99927500   0.0015397500     0.99927500            400            132
      1.0000000     -1.9981591    0.015098967     0.99952273   0.0010907025     0.99952273            440             86
      1.0000000     -1.9971546    0.026617239     0.99927835   0.0017710703     0.99927835            485            142
      1.0000000     -1.9973546    0.020540324     0.99932458   0.0013935070     0.99932458            533            130
      1.0000000     -1.9975085    0.019633077     0.99937713   0.0012270673     0.99937713            586            162
      1.0000000     -1.9973953    0.021472363     0.99934109   0.0013922240     0.99934109            645            196
      1.0000000     -1.9969014    0.030300337     0.99921127   0.0020046816     0.99921127            710            208
      1.0000000     -1.9971447    0.023217747     0.99927017   0.0015539026     0.99927017            781            244
      1.0000000     -1.9969499    0.023473270     0.99922584   0.0015414139     0.99922584            859            250
      1.0000000     -1.9976720    0.018742140     0.99941270   0.0012059461     0.99941270            945            234
      1.0000000     -1.9972762    0.022710962     0.99931184   0.0014756360     0.99931184           1039            316
      1.0000000     -1.9973841    0.022914572     0.99931759   0.0016509944     0.99931759           1143            322
      1.0000000     -1.9970429    0.023147753     0.99925676   0.0014721995     0.99925676           1258            364
      1.0000000     -1.9972688    0.022276304     0.99930636   0.0014693942     0.99930636           1384            404
      1.0000000     -1.9970565    0.023603979     0.99925427   0.0015449664     0.99925427           1522            441
      1.0000000     -1.9971565    0.025726402     0.99926523   0.0017912154     0.99926523           1674            500
      1.0000000     -1.9973887    0.020399497     0.99934039   0.0013189088     0.99934039           1842            478
      1.0000000     -1.9967423    0.026396744     0.99916584   0.0017848522     0.99916584           2026            608
      1.0000000     -1.9976661    0.018395611     0.99940978   0.0011936924     0.99940978           2228            580
      1.0000000     -1.9970583    0.025049475     0.99924521   0.0017060190     0.99924521           2451            722
      1.0000000     -1.9971487    0.023518484     0.99927512   0.0015510361     0.99927512           2697            766
      1.0000000     -1.9967262    0.028389980     0.99916554   0.0018961185     0.99916554           2966            910
      1.0000000     -1.9975667    0.020383604     0.99938553   0.0013169473     0.99938553           3263            842
      1.0000000     -1.9969992    0.025520312     0.99923098   0.0017528576     0.99923098           3589           1020
      1.0000000     -1.9969605    0.023477795     0.99922872   0.0015427014     0.99922872           3948           1197
      1.0000000     -1.9970688    0.025326863     0.99925167   0.0017055423     0.99925167           4343           1266
      1.0000000     -1.9971237    0.023217909     0.99926628   0.0015619256     0.99926628           4777           1353
      1.0000000     -1.9970885    0.023707239     0.99925690   0.0015888249     0.99925690           5255           1471
      1.0000000     -1.9972081    0.023009075     0.99928732   0.0015508570     0.99928732           5781           1590
      1.0000000     -1.9971238    0.023644825     0.99926325   0.0016086379     0.99926325           6359           1870
      1.0000000     -1.9971551    0.023067145     0.99927663   0.0015262175     0.99927663           6995           2022
      1.0000000     -1.9972199    0.022460822     0.99928971   0.0015203143     0.99928971           7694           2228
      1.0000000     -1.9973677    0.021916436     0.99932951   0.0014636100     0.99932951           8464           2356
      1.0000000     -1.9972868    0.021983427     0.99931203   0.0014444061     0.99931203           9310           2746
      1.0000000     -1.9972925    0.022387097     0.99930482   0.0015641610     0.99930482          10242           2806
      1.0000000     -1.9970637    0.023542277     0.99925217   0.0015684208     0.99925217          11266           3366
      1.0000000     -1.9971675    0.023395100     0.99927574   0.0015840797     0.99927574          12392           3696
      1.0000000     -1.9972719    0.021726540     0.99930531   0.0014560239     0.99930531          13632           3798
      1.0000000     -1.9970610    0.024407580     0.99925375   0.0016098560     0.99925375          14995           4464
      1.0000000     -1.9971468    0.024244704     0.99927186   0.0016261670     0.99927186          16494           4812
      1.0000000     -1.9971886    0.022850322     0.99928351   0.0015296655     0.99928351          18144           5136
      1.0000000     -1.9971290    0.023944083     0.99926796   0.0016034660     0.99926796          19958           5788
      1.0000000     -1.9973107    0.021882593     0.99931356   0.0014768228     0.99931356          21954           6264
      1.0000000     -1.9970157    0.024805367     0.99923644   0.0016905993     0.99923644          24150           7286
      1.0000000     -1.9970055    0.025147137     0.99923602   0.0016904969     0.99923602          26565           7974
      1.0000000     -1.9970535    0.024205953     0.99924883   0.0016236511     0.99924883          29221           8488
      1.0000000     -1.9970746    0.023726820     0.99925303   0.0015961814     0.99925303          32143           9562
      1.0000000     -1.9970663    0.024293078     0.99925208   0.0016278774     0.99925208          35358          10486
      1.0000000     -1.9971905    0.023225831     0.99928432   0.0015468491     0.99928432          38893          11098
      1.0000000     -1.9972157    0.022527977     0.99929014   0.0015131385     0.99929014          42783          12198
      1.0000000     -1.9971949    0.023103640     0.99928401   0.0015562769     0.99928401          47061          13592
      1.0000000     -1.9971520    0.023221174     0.99927425   0.0015622578     0.99927425          51767          14940
      1.0000000     -1.9972134    0.022941997     0.99929106   0.0015241641     0.99929106          56944          16460
      1.0000000     -1.9971554    0.023464981     0.99927433   0.0015781851     0.99927433          62639          18080
      1.0000000     -1.9971154    0.023871529     0.99926368   0.0016043862     0.99926368          68903          20090
      1.0000000     -1.9971628    0.023776804     0.99927348   0.0016385116     0.99927348          75793          22036
      1.0000000     -1.9972105    0.023155666     0.99928789   0.0015622610     0.99928789          83372          24262
      1.0000000     -1.9971018    0.023782139     0.99926114   0.0015919263     0.99926114          91709          26878
