      T:            <E>/L^2:     Evariance/T^2:  <M>/L^2:      Mvariance/T:     <|M|>/L^2:    MCcycles:     Accept:
      1.0000000     -1.9964580     0.20025369     0.99868950     0.11679004     0.99868950          10000           3709
      1.0100000     -1.9910490     0.96518757    -0.98687550      3.9596716     0.98725650          10000           9405
      1.0200000     -1.9953650     0.24418561    -0.99699600     0.48847293     0.99699600          10000           4882
      1.0300000     -1.9950700     0.30033937    -0.99730650     0.38792915     0.99730650          10000           5207
      1.0400000     -1.9946170     0.30125492    -0.99665050     0.53674744     0.99665050          10000           5552
      1.0500000     -1.9940190     0.36542318    -0.99553300     0.91059419     0.99557900          10000           6379
      1.0600000     -1.9879760     0.86598200    -0.98162650      4.5802956     0.98168650          10000          11268
      1.0700000     -1.9902210     0.66136821     0.99097800      1.7713546     0.99097800          10000           9041
      1.0800000     -1.9927290     0.36694875    -0.99531500     0.86173050     0.99534300          10000           7370
      1.0900000     -1.9926650     0.32769221    -0.99529200     0.82464944     0.99529200          10000           7720
      1.1000000     -1.9793560      1.3437307    -0.95448850      11.373577     0.95695950          10000          18416
      1.1100000     -1.9924770     0.23144046     0.99647300     0.32218028     0.99647300          10000           7968
      1.1200000     -1.9924460     0.19107688    -0.99752000     0.12020343     0.99752000          10000           8206
      1.1300000     -1.9597960      2.4914021    -0.88680600      26.273635     0.89626100          10000          35348
      1.1400000     -1.9899590     0.32127680    -0.99515250     0.53749096     0.99515250          10000          10350
      1.1500000     -1.9861700     0.57054702    -0.98612500      2.9135607     0.98614800          10000          13569
      1.1600000     -1.9779670      1.1768837    -0.95354050      10.580783     0.95973250          10000          21131
      1.1700000     -1.9740530      1.4063155     0.94112250      9.3069336     0.95775350          10000          25172
      1.1800000     -1.9875820     0.30124484     0.99421800     0.62921474     0.99421800          10000          12951
      1.1900000     -1.9872230     0.28147116     0.99471700     0.46911089     0.99471700          10000          13293
      1.2000000     -1.9863000     0.30735278     0.99422050     0.48765496     0.99422050          10000          14270
      1.2100000     -1.9867020     0.25508727     0.99565800     0.18855439     0.99565800          10000          14293
      1.2200000     -1.9853010     0.28686627     0.99366400     0.62637380     0.99366400          10000          15510
      1.2300000     -1.9837340     0.34883396    -0.99166300      1.1256709     0.99174700          10000          17036
      1.2400000     -1.9840550     0.26954916    -0.99418300     0.37422500     0.99418300          10000          16810
      1.2500000     -1.9839180     0.23940845     0.99508950     0.18877104     0.99508950          10000          17152
      1.2600000     -1.9815700     0.31064628     0.99208650     0.72272608     0.99211550          10000          19404
      1.2700000     -1.9811790     0.26494884    -0.99322550     0.37916808     0.99322550          10000          19644
      1.2800000     -1.9818250     0.19161118     0.99475300     0.10768406     0.99475300          10000          19339
      1.2900000     -1.9780760     0.38135646     0.98908850      1.1777076     0.98910250          10000          23222
      1.3000000     -1.9523500      1.7639426    -0.89965200      19.979994     0.91165700          10000          47940
      1.3100000     -1.9756970     0.40164424    -0.98903200      1.0067780     0.98903200          10000          25779
      1.3200000     -1.9758980     0.26798751    -0.99195300     0.33670782     0.99195300          10000          25195
      1.3300000     -1.9744730     0.34267675     0.99042600     0.65174726     0.99044200          10000          27251
      1.3400000     -1.9738880     0.31178513    -0.99153550     0.32266112     0.99153550          10000          27801
      1.3500000     -1.9724630     0.37468612     0.98882550      1.0361399     0.98884450          10000          29848
      1.3600000     -1.9726360     0.23973432    -0.99198950     0.14094541     0.99198950          10000          29710
      1.3700000     -1.9703760     0.32418533     0.98947050     0.62183312     0.98947650          10000          31633
      1.3800000     -1.9696280     0.30699887    -0.98920700     0.57892642     0.98920700          10000          33218
      1.3900000     -1.9673560     0.31986942     0.98786750     0.85331323     0.98786950          10000          35357
      1.4000000     -1.9631320     0.49311236     0.98149400      1.8666064     0.98202300          10000          39482
      1.4100000     -1.9656990     0.25375613    -0.98957900     0.21200078     0.98957900          10000          37313
      1.4200000     -1.9622930     0.30849279    -0.98846100     0.25841591     0.98846100          10000          40537
      1.4300000     -1.9605910     0.36720832    -0.98575800     0.73159732     0.98575800          10000          42468
      1.4400000     -1.9600640     0.37352544     0.98466550     0.92367176     0.98484450          10000          43662
      1.4500000     -1.9596590     0.24728537    -0.98839900     0.10865015     0.98839900          10000          44180
      1.4600000     -1.9544930     0.43470125    -0.98142350      1.4113126     0.98142350          10000          49331
      1.4700000     -1.9542940     0.43567061     0.98443550     0.77911097     0.98444350          10000          50125
      1.4800000     -1.9526310     0.36037031    -0.98515600     0.46717315     0.98515600          10000          51696
      1.4900000     -1.9499670     0.38789044     0.97995950      1.4300150     0.97995950          10000          55521
      1.5000000     -1.9490700     0.41634046    -0.98251700     0.82758392     0.98251700          10000          56428
      1.5100000     -1.9477810     0.28751476    -0.98490050     0.11468546     0.98490050          10000          57372
      1.5200000     -1.9458720     0.30692168     0.98453750     0.14085489     0.98453750          10000          59103
      1.5300000     -1.9451000     0.31782819     0.98411500     0.14938739     0.98411500          10000          60388
      1.5400000     -1.9417090     0.34462292    -0.98233850     0.27835426     0.98233850          10000          64689
      1.5500000     -1.9390730     0.37362925    -0.98092550     0.36628799     0.98092550          10000          68398
      1.5600000     -1.9338350     0.50048369    -0.97449100      1.3733099     0.97451400          10000          73870
      1.5700000     -1.9326400     0.45333610     0.97695550     0.89206969     0.97695550          10000          75438
      1.5800000     -1.9314840     0.39510299    -0.97867000     0.36904205     0.97867000          10000          77087
      1.5900000     -1.9214110     0.77254208     0.95781000      4.4314276     0.95783200          10000          88652
      1.6000000     -1.9220450     0.56934500     0.96697300      2.3836342     0.96708400          10000          87567
      1.6100000     -1.9249080     0.42766121     0.97696200     0.37931070     0.97696200          10000          85137
      1.6200000     -1.9209060     0.42359079     0.97469250     0.57267280     0.97471250          10000          89010
      1.6300000     -1.9184910     0.37708200     0.97586300     0.19221601     0.97586300          10000          91961
      1.6400000     -1.9173740     0.35714220    -0.97592800     0.11968264     0.97592800          10000          93788
      1.6500000     -1.9131050     0.39486780    -0.97302050     0.42089039     0.97304050          10000          98590
      1.6600000     -1.9110020     0.37054957     0.97401450     0.12062441     0.97401450          10000         101650
      1.6700000     -1.9060330     0.46694724     0.96967100     0.54029623     0.96967100          10000         107316
      1.6800000     -1.9019530     0.43141097     0.96976600     0.31275720     0.96976600          10000         112063
      1.6900000     -1.9025220     0.38093897     0.97120100     0.12074973     0.97120100          10000         111544
      1.7000000     -1.8968050     0.42650546    -0.96839250     0.25157493     0.96839250          10000         118158
      1.7100000     -1.8935120     0.44762708    -0.96636050     0.41719717     0.96638550          10000         123388
      1.7200000     -1.8872230     0.51694947     0.96274900     0.71296836     0.96275700          10000         130767
      1.7300000     -1.8835420     0.55475482     0.95794650      1.4785892     0.95867750          10000         134634
      1.7400000     -1.8829420     0.50419668    -0.96286600     0.45465771     0.96286600          10000         136437
      1.7500000     -1.8769110     0.54270016    -0.95984400     0.65027861     0.96007800          10000         142887
      1.7600000     -1.8716470     0.58304718    -0.95335950      1.5238243     0.95464550          10000         150356
      1.7700000     -1.8689950     0.51746050     0.95806850     0.40490323     0.95806850          10000         152971
      1.7800000     -1.8676710     0.50423252     0.95941000     0.20060942     0.95941000          10000         155790
      1.7900000     -1.8621030     0.50463686     0.95650450     0.29842324     0.95650450          10000         162092
      1.8000000     -1.8535470     0.62406281    -0.94920450      1.0152933     0.94920450          10000         172580
      1.8100000     -1.8479650     0.78652896     0.93493100      2.7578807     0.93920000          10000         179975
      1.8200000     -1.8424470     0.81236834    -0.93706000      2.8323932     0.93714500          10000         187001
      1.8300000     -1.8363790     0.88034380    -0.92726550      4.4372871     0.92779450          10000         194419
      1.8400000     -1.8380680     0.63056798     0.94621950     0.70477735     0.94622950          10000         193140
      1.8500000     -1.8337630     0.59400203    -0.94660700     0.35014217     0.94660700          10000         197233
      1.8600000     -1.8285390     0.65499081    -0.94208850     0.80885391     0.94208850          10000         205317
      1.8700000     -1.8204260     0.67130985     0.93923400     0.71262636     0.93923400          10000         214550
      1.8800000     -1.8158290     0.62066690    -0.93876850     0.48442573     0.93876850          10000         221344
      1.8900000     -1.8139550     0.67640749     0.93714550     0.73017399     0.93717150          10000         225299
      1.9000000     -1.8100510     0.63668558     0.93652300     0.62113484     0.93652300          10000         229536
      1.9100000     -1.8014190     0.70687497    -0.93225850     0.74442758     0.93225850          10000         240998
      1.9200000     -1.7926010     0.69396970     0.92967700     0.57920895     0.92970500          10000         251393
      1.9300000     -1.7861960     0.73813628    -0.92573800     0.84168684     0.92577200          10000         260364
      1.9400000     -1.7866300     0.71787683    -0.92713100     0.66091171     0.92713500          10000         261631
      1.9500000     -1.7795380     0.75856900     0.92310300     0.95479369     0.92311300          10000         270297
      1.9600000     -1.7673850     0.78349144     0.91783650     0.80992183     0.91787150          10000         286218
      1.9700000     -1.7593610     0.87155471    -0.90590400      2.2908783     0.90659200          10000         296265
      1.9800000     -1.7495910     0.92910343    -0.90442050      1.8535735     0.90449650          10000         310995
      1.9900000     -1.7486770     0.84879267     0.90958900     0.97712209     0.90960300          10000         311381
      2.0000000     -1.7427470     0.75305440    -0.91018000     0.40180452     0.91018000          10000         319205
      2.0100000     -1.7327650     0.85391003    -0.90299500     0.79504863     0.90302500          10000         334824
      2.0200000     -1.7265850     0.86215741     0.89993450     0.74547786     0.89993450          10000         341815
      2.0300000     -1.7161780     0.93597343     0.89303150      1.1853237     0.89307650          10000         356292
      2.0400000     -1.7132970     0.94246057     0.89064300      1.3544674     0.89064500          10000         361249
      2.0500000     -1.7062940     0.88860112     0.89281600     0.60293856     0.89281600          10000         371199
      2.0600000     -1.6955370     0.92262528     0.88550600     0.77882504     0.88550600          10000         386439
      2.0700000     -1.6871640     0.93709698     0.88132800     0.84153167     0.88132800          10000         397085
      2.0800000     -1.6742250     0.98984462    -0.87396050     0.96118682     0.87396750          10000         416968
      2.0900000     -1.6623500      1.0802699     0.86413750      1.3510048     0.86413850          10000         433394
      2.1000000     -1.6526820      1.0143934    -0.86037600      1.2704459     0.86050900          10000         445902
      2.1100000     -1.6517430      1.0237463    -0.86167100      1.2075582     0.86167800          10000         448393
      2.1200000     -1.6237910      1.3449999    -0.41403450      4.3293163     0.82600550          10000         486709
      2.1300000     -1.6236830      1.2637427    -0.83860850      2.2982585     0.83956850          10000         489744
      2.1400000     -1.6134260      1.1886944     0.83451900      2.0786796     0.83461400          10000         504101
      2.1500000     -1.6101200      1.1313761    -0.83730400      1.5874706     0.83794800          10000         509189
      2.1600000     -1.6050470      1.1544305     0.83546000      1.5910848     0.83547100          10000         516155
      2.1700000     -1.5789450      1.4362044     0.80635100      3.2124292     0.80783400          10000         554095
      2.1800000     -1.5775770      1.1379126     0.82006500      1.4016855     0.82006500          10000         556490
      2.1900000     -1.5570310      1.3463035     0.79659750      2.6131667     0.79661550          10000         584523
      2.2000000     -1.5280440      1.5056326    -0.11874550      4.0332931     0.76680150          10000         626760
      2.2100000     -1.5157180      1.5051260     0.75406550      4.6221766     0.75495650          10000         644896
      2.2200000     -1.5124640      1.5460798     0.68417200      5.0775729     0.74945200          10000         650634
      2.2300000     -1.4924560      1.5529102   -0.094584500      5.2824930     0.73391650          10000         681607
      2.2400000     -1.4961600      1.4740142   -0.022385500      4.8370715     0.74380750          10000         675718
      2.2500000     -1.4686180      1.7114525    -0.23454650      6.9981883     0.70056850          10000         717103
      2.2600000     -1.4731190      1.5489985    -0.44393700      4.4757350     0.73359200          10000         712037
      2.2700000     -1.4530340      1.5537235     0.43723400      5.6703184     0.70353600          10000         742671
      2.2800000     -1.4290590      1.5780982    -0.55342700      5.8181781     0.68045800          10000         777783
      2.2900000     -1.3877030      1.6987375     0.29561950      8.9976423     0.60969150          10000         839323
      2.3000000     -1.4006260      1.7179636   -0.081578500      7.8744823     0.64380250          10000         819959
      2.3100000     -1.3755010      1.8032218    -0.10809800      9.0419480     0.60596200          10000         861223
      2.3200000     -1.3704440      1.6573843    -0.18083900      7.0498282     0.62387900          10000         868251
      2.3300000     -1.3258150      1.7030217     0.17216200      9.7569396     0.54177400          10000         934247
      2.3400000     -1.3132600      1.5349414   -0.082287000      8.7535029     0.54020700          10000         953824
      2.3500000     -1.3211850      1.7123915     0.28129800      9.0028170     0.55748600          10000         945028
      2.3600000     -1.2940450      1.5902333    0.060214000      9.9570447     0.50455700          10000         987431
      2.3700000     -1.2789920      1.5883825     0.22912300      9.9025219     0.49505200          10000        1008097
      2.3800000     -1.2790520      1.4945414     0.32086450      9.2650696     0.50786850          10000        1011370
      2.3900000     -1.2189850      1.2529542    -0.17402800      8.9138221     0.38923000          10000        1100866
      2.4000000     -1.2287540      1.2712297     0.12554700      8.2624041     0.44554800          10000        1089730
      2.4100000     -1.2099340      1.2303311    0.045289500      7.8915013     0.42190850          10000        1118288
      2.4200000     -1.2394240      1.3986728     0.24584300      8.2533821     0.48049800          10000        1077113
      2.4300000     -1.2012310      1.1990621   -0.076263000      7.4674951     0.42139900          10000        1136148
      2.4400000     -1.1871280      1.3029785    -0.13454100      8.4779649     0.39541100          10000        1159229
      2.4500000     -1.1883460      1.2284658   0.0027560000      7.7597733     0.41113300          10000        1157910
      2.4600000     -1.1694780      1.2045732    0.041169000      7.9592945     0.39011800          10000        1189870
      2.4700000     -1.1557580      1.1400394    0.056418500      7.6138681     0.35765650          10000        1212567
      2.4800000     -1.1324080      1.0267067    0.031172000      6.8662654     0.33284600          10000        1249641
      2.4900000     -1.1250280      1.0038676   -0.099322500      6.6281667     0.32092450          10000        1261862
      2.5000000     -1.1112220     0.93678763    0.075078000      6.2910612     0.30624400          10000        1283789
      2.5100000     -1.1154590     0.99202929    0.067960500      6.5883304     0.32208550          10000        1283054
      2.5200000     -1.1052990     0.97428008    0.052313000      6.2383878     0.32087300          10000        1296975
      2.5300000     -1.0854300     0.86400319  -0.0070865000      5.6037725     0.27911050          10000        1331291
      2.5400000     -1.0820450     0.93308872    0.078253500      5.6330776     0.29023450          10000        1336561
      2.5500000     -1.0798500     0.88718478  -0.0034545000      5.7159365     0.30346950          10000        1342159
      2.5600000     -1.0555930     0.77064260   -0.016398500      4.7372559     0.26288350          10000        1381743
      2.5700000     -1.0485250     0.78784020   0.0011210000      4.3401845     0.25536000          10000        1393677
      2.5800000     -1.0368620     0.76362316   -0.029408000      4.1674377     0.23587300          10000        1415159
      2.5900000     -1.0322610     0.74047303  -0.0045655000      4.2266760     0.22704950          10000        1422723
      2.6000000     -1.0298420     0.75175237   -0.010435500      4.2903844     0.23462050          10000        1429418
      2.6100000     -1.0216600     0.74461998   -0.019253500      4.1873515     0.23757950          10000        1442873
      2.6200000     -1.0173230     0.73698873   -0.050564500      4.0884875     0.21844950          10000        1453552
      2.6300000     -1.0111230     0.73119050    0.022086500      4.0722678     0.22724650          10000        1465517
      2.6400000     -1.0005920     0.68868397    0.012580000      3.6077704     0.21501900          10000        1482796
      2.6500000     -1.0015150     0.68039671   0.0014925000      3.5135694     0.22410250          10000        1482504
      2.6600000    -0.99118400     0.66606468    0.030275000      3.2870633     0.21809100          10000        1501671
      2.6700000    -0.98441700     0.65893476  -0.0055535000      3.3653486     0.21355750          10000        1512526
      2.6800000    -0.98058300     0.63753676    0.029627500      3.2182100     0.20987650          10000        1520874
      2.6900000    -0.97380600     0.62494628   -0.017457000      3.0105065     0.20097400          10000        1535095
      2.7000000    -0.96266700     0.59411781  -0.0020665000      3.0317795     0.19017550          10000        1555779
      2.7100000    -0.95708100     0.60792906  -0.0095220000      2.9741487     0.19972200          10000        1564332
      2.7200000    -0.95263100     0.58315462    0.019029000      2.6897809     0.18999100          10000        1574344
      2.7300000    -0.94667000     0.59200961  -0.0051125000      2.8522955     0.19296150          10000        1586237
      2.7400000    -0.94602000     0.54955083   0.0019065000      2.7418583     0.19348250          10000        1587628
      2.7500000    -0.93141500     0.57435651   0.0093035000      2.5142127     0.17499750          10000        1611589
      2.7600000    -0.93194500     0.54983443   -0.020300500      2.5392549     0.18733850          10000        1614819
      2.7700000    -0.91906500     0.54460325   -0.013159000      2.2017018     0.17248900          10000        1634761
      2.7800000    -0.91788900     0.53366149   -0.011343000      2.1739770     0.16603900          10000        1639814
      2.7900000    -0.91397800     0.51223882   -0.011387500      2.0928071     0.16636850          10000        1649774
      2.8000000    -0.90511000     0.52561265   0.0070480000      2.1265959     0.16297300          10000        1664805
      2.8100000    -0.90412600     0.52167506   -0.021228000      2.2802456     0.17413700          10000        1667304
      2.8200000    -0.89733600     0.49403064  -0.0086225000      2.0474563     0.16780550          10000        1678699
      2.8300000    -0.89347400     0.50029898   -0.021034500      1.9562515     0.16219050          10000        1689102
      2.8400000    -0.88653700     0.47263230    0.015244500      1.8522608     0.15523650          10000        1699653
      2.8500000    -0.88196000     0.47496206    0.018855000      1.8125386     0.15677700          10000        1713490
      2.8600000    -0.87603200     0.48362340   -0.022101500      1.8773261     0.16099050          10000        1723148
      2.8700000    -0.87683500     0.48370493   0.0045210000      1.8283744     0.15933400          10000        1722657
      2.8800000    -0.86727400     0.45844275 -0.00083250000      1.7549188     0.15242950          10000        1739266
      2.8900000    -0.86438300     0.45897819  -0.0019110000      1.7124309     0.15341200          10000        1745580
      2.9000000    -0.85854100     0.45162051   -0.018177000      1.7414890     0.15425200          10000        1758583
      2.9100000    -0.85231400     0.45902270   -0.012931500      1.6799999     0.14891450          10000        1772602
      2.9200000    -0.84902700     0.44479092   -0.019319000      1.6479418     0.14778200          10000        1776186
      2.9300000    -0.84840700     0.42816538    0.020313500      1.5466357     0.14452450          10000        1779831
      2.9400000    -0.84787300     0.43816030    0.011803500      1.6641956     0.15202850          10000        1783042
      2.9500000    -0.83734700     0.42151803   -0.013459500      1.5825955     0.14655750          10000        1803216
      2.9600000    -0.82993500     0.41013814   0.0034865000      1.5471270     0.14508850          10000        1813317
      2.9700000    -0.82940100     0.41219246   0.0024585000      1.4754273     0.14015850          10000        1820659
      2.9800000    -0.82068200     0.39799445  -0.0065230000      1.3672906     0.13963300          10000        1833478
      2.9900000    -0.82352600     0.40642173    0.011772000      1.3616648     0.13632700          10000        1833472
      3.0000000    -0.81814900     0.40022061   0.0047330000      1.4081210     0.13766600          10000        1843752
