      T:            <E>/L^2:     Evariance/T^2:  <M>/L^2:      Mvariance/T:     <|M|>/L^2:    MCcycles:     Accept:
      1.0000000     -1.3840000      39.577600    -0.32300000      15.791600     0.32900000             10            773
      1.0000000     -1.3536364      16.045620   -0.043181818     0.30016529    0.058636364             11            831
      1.0000000     -1.3600000      22.366667     0.17291667      1.8757639     0.17291667             12            866
      1.0000000     -1.4738462      25.720237    -0.13346154      1.1600000     0.13500000             13            831
      1.0000000     -1.3564286      27.797755     0.14928571      4.3612245     0.14928571             14           1068
      1.0000000     -1.5387500      28.864375     0.60562500      15.066094     0.60562500             16            852
      1.0000000     -1.4405882      19.682215    -0.25735294      2.7413149     0.25735294             17           1033
      1.0000000     -1.4863158      24.922992   -0.055789474     0.40238227    0.055789474             19           1046
      1.0000000     -1.5361905      30.798005     0.50452381      20.544671     0.50452381             21           1156
      1.0000000     -1.4973913      19.357278   -0.023043478     0.81671078    0.098695652             23           1281
      1.0000000     -1.5808000      17.746944    -0.13140000      1.0020160     0.13140000             25           1227
      1.0000000     -1.6121429      29.698163    -0.53178571      27.441582     0.53178571             28           1235
      1.0000000     -1.5725806      20.931530     0.46822581      19.196483     0.46822581             31           1488
      1.0000000     -1.6247059      15.849965     0.14911765      6.5420761     0.15147059             34           1285
      1.0000000     -1.6572973      19.856538    -0.54378378      13.393192     0.54378378             37           1500
      1.0000000     -1.6931707      19.916954     0.57353659      22.722558     0.57353659             41           1463
      1.0000000     -1.6657778      20.477314    -0.49577778      18.199091     0.49577778             45           1519
      1.0000000     -1.8632000      30.159104    -0.90780000      13.334464     0.90780000             50            866
      1.0000000     -1.6796364      15.525765    -0.49463636      11.684311     0.49536364             55           1830
      1.0000000     -1.7990164      24.175351    -0.73672131      33.051110     0.73672131             61           1410
      1.0000000     -1.7010448      9.9141902     0.39611940      1.5647227     0.39611940             67           1663
      1.0000000     -1.7939189      26.223587     0.68371622      41.663121     0.68385135             74           1654
      1.0000000     -1.7466667      14.704198    -0.53574074      44.118628     0.53981481             81           2226
      1.0000000     -1.8420225      15.888701    -0.77584270      25.176008     0.77584270             89           1561
      1.0000000     -1.8951020      15.501424    -0.87750000      15.924337     0.87750000             98           1136
      1.0000000     -1.8373148      17.741931     0.74699074      34.352211     0.74699074            108           1936
      1.0000000     -1.6762185      6.1700784    0.031764706     0.50122308    0.045966387            119           3537
      1.0000000     -1.8715267      18.695862    -0.82454198      29.355794     0.82454198            131           1862
      1.0000000     -1.8757639      16.876989     0.81291667      36.253125     0.81291667            144           2005
      1.0000000     -1.7224684      4.7193350   -0.029082278     0.73086565    0.060917722            158           3548
      1.0000000     -1.7585632      8.8665306    -0.58640805      18.602598     0.58692529            174           3460
      1.0000000     -1.9472775      10.160386     0.94801047      8.8870031     0.94801047            191           1186
      1.0000000     -1.9321327      9.9411190    -0.89824645      19.801234     0.89824645            211           1582
      1.0000000     -1.7392672      3.2127163    -0.34273707      4.7475637     0.34273707            232           4474
      1.0000000     -1.7334118      3.5710302    0.099588235      1.1579915     0.10362745            255           5170
      1.0000000     -1.9164413      11.624827    -0.87151246      25.829868     0.87151246            281           2606
      1.0000000     -1.7725566      6.4992625     0.51474110      22.765604     0.51474110            309           5609
      1.0000000     -1.8948235      14.032105    -0.80927941      46.119956     0.81180882            340           3978
      1.0000000     -1.7373529      3.1590154    -0.42844920      2.4259364     0.42844920            374           7237
      1.0000000     -1.8894404      9.6412373     0.70085158      64.322522     0.70900243            411           3745
      1.0000000     -1.9704204      4.6476284     0.96653761      5.9136782     0.96653761            452           1501
      1.0000000     -1.9761771      4.3704921    -0.97572435      4.7644179     0.97572435            497           1336
      1.0000000     -1.7797258      4.7459297    -0.42509141      30.178571     0.42509141            547           9116
      1.0000000     -1.9663787      5.2204024    -0.94871262      12.527958     0.94871262            602           2232
      1.0000000     -1.7385498      1.7180712    -0.17261329      3.8562462     0.18249245            662          12924
      1.0000000     -1.9793269      3.2129507    -0.97700549      4.3692703     0.97700549            728           1700
      1.0000000     -1.9841948      2.3802775     0.98223471      3.2881398     0.98223471            801           1446
      1.0000000     -1.9903746      1.6386726     0.99404654     0.85423341     0.99404654            881           1000
      1.0000000     -1.7429485      1.3203989   -0.050149485      4.0031617     0.15828351            970          17973
      1.0000000     -1.9761106      3.2790099    -0.96232427      9.0900660     0.96237113           1067           2541
      1.0000000     -1.9872805      2.1160187    -0.98901108      2.1919532     0.98901108           1173           1742
      1.0000000     -1.9774361      3.8825139    -0.96439969      10.322968     0.96644462           1291           3282
      1.0000000     -1.9693099      3.3140630    -0.94185915      12.580533     0.94185915           1420           3754
      1.0000000     -1.9867670      2.0192505    -0.98545455      3.3138807     0.98556338           1562           2195
      1.0000000     -1.9894994      1.3191081    -0.98862922      2.0072635     0.98862922           1718           1875
      1.0000000     -1.9927302      1.0477275    -0.99480688     0.84199037     0.99480688           1890           1555
      1.0000000     -1.8879798      6.7186369     0.68349687      57.559058     0.68411736           2079          17063
      1.0000000     -1.9940446     0.80326847     0.99611500     0.66930595     0.99611500           2287           1569
      1.0000000     -1.9694952      3.0620761     0.90941971      24.720706     0.91819952           2516           6354
      1.0000000     -1.9897977      1.3021224     0.98764993      3.0864973     0.98767883           2768           2985
      1.0000000     -1.9933968     0.81125842     0.99485053     0.96271522     0.99485710           3044           2203
      1.0000000     -1.9048522      6.1928757    -0.74310690      49.171743     0.74326515           3349          23028
      1.0000000     -1.9936021     0.83097727    -0.99514522     0.98149265     0.99514522           3684           2525
      1.0000000     -1.9935390     0.60438804     0.99343534      1.2239319     0.99343534           4052           2665
      1.0000000     -1.9954723     0.44783763    -0.99765425     0.37837112     0.99765425           4457           2299
      1.0000000     -1.9943116     0.52893753     0.99492250      1.1299711     0.99492250           4903           2923
      1.0000000     -1.9927938     0.83976246    -0.99275769      1.7425735     0.99275769           5394           4117
      1.0000000     -1.9816535      1.7174636     0.96143014      9.9212834     0.96145373           5933           8553
      1.0000000     -1.9745158      2.2500043    -0.92688937      20.465236     0.93077536           6526          12881
      1.0000000     -1.9952570     0.36078567     0.99658796     0.61800792     0.99658796           7179           3432
      1.0000000     -1.9898683     0.86497977     0.98022350      5.4650972     0.98022350           7897           6824
      1.0000000     -1.9956659     0.26341534     0.99715149     0.46691556     0.99715149           8687           3993
      1.0000000     -1.9951659     0.39442437    -0.99579016      1.0334143     0.99579016           9555           4801
      1.0000000     -1.9954020     0.35129205    -0.99627533     0.82406542     0.99627533          10511           4837
      1.0000000     -1.9953434     0.37027804     0.99648936     0.76418451     0.99648936          11562           5702
      1.0000000     -1.9957635     0.28229396    -0.99742845     0.46299646     0.99742845          12718           5524
      1.0000000     -1.9928463     0.77241629     0.99053574      2.8429549     0.99084239          13990          10487
      1.0000000     -1.9960459     0.23283882    -0.99732764     0.51028640     0.99734128          15389           6383
      1.0000000     -1.9962199     0.22438114    -0.99774427     0.38252546     0.99776317          16928           6610
      1.0000000     -1.9919322     0.60661143     0.98680656      3.3588492     0.98680656          18621          13047
      1.0000000     -1.9954403     0.25012162    -0.99552041      1.0084095     0.99552041          20484           8961
      1.0000000     -1.9963909     0.16926875     0.99824716     0.26950819     0.99824716          22532           8296
      1.0000000     -1.9945023     0.48633748     0.99295703      1.8935165     0.99375267          24785          14597
      1.0000000     -1.9920122     0.59088046     0.98714679      3.0745481     0.98718237          27264          18373
      1.0000000     -1.9896382     0.80479593     0.97447916      7.7821380     0.97537646          29990          24657
      1.0000000     -1.9963367     0.16222844     0.99760178     0.49779160     0.99767089          32989          12382
      1.0000000     -1.9960362     0.21296782     0.99709077     0.69017213     0.99709904          36288          14592
      1.0000000     -1.9967543    0.083662425    -0.99884047    0.095731203     0.99884047          39917          13115
      1.0000000     -1.9859257      1.1167597    -0.95682400      11.262985     0.96365495          43909          47767
      1.0000000     -1.9967909    0.085891412    -0.99857557     0.19627743     0.99857557          48300          15927
      1.0000000     -1.9970723    0.056184396    -0.99916469    0.022064965     0.99916469          53130          16026
      1.0000000     -1.9968210    0.076189617    -0.99870934     0.14512464     0.99871003          58443          18876
      1.0000000     -1.9970229    0.056182490    -0.99907151    0.041725564     0.99907151          64287          19627
      1.0000000     -1.9970736    0.049306072    -0.99914362    0.027789397     0.99914362          70716          21222
      1.0000000     -1.9969842    0.057306355    -0.99903474    0.052521363     0.99903474          77787          23869
      1.0000000     -1.9968913    0.071269816    -0.99888092    0.099749065     0.99888408          85566          27427
      1.0000000     -1.9970088    0.048132166    -0.99905071    0.053269445     0.99905082          94123          28606
      1.0000000     -1.9970004    0.047779997     0.99907476    0.042291559     0.99907476         103535          31765
      1.0000000     -1.9948581     0.26032621    -0.99290318      1.8530020     0.99292724         113889          51394
      1.0000000     -1.9965385    0.092548795    -0.99759008     0.52131356     0.99761075         125278          42696
      1.0000000     -1.9970445    0.039810460     0.99916488    0.023892181     0.99916488         137806          41243
      1.0000000     -1.9955095     0.19945194     0.99371271      1.6603904     0.99414032         151586          62163
      1.0000000     -1.9970368    0.043718203     0.99910063    0.040996375     0.99910063         166745          50581
      1.0000000     -1.9965060    0.091418350     0.99752163     0.53462937     0.99753761         183419          62072
      1.0000000     -1.9968648    0.062356231     0.99864835     0.16725749     0.99864845         201761          63025
      1.0000000     -1.9954482     0.19716185    -0.99320727      1.6721796     0.99404002         221938          91098
      1.0000000     -1.9971265    0.033235713     0.99921567    0.013725690     0.99921567         244131          71760
      1.0000000     -1.9971002    0.035550287     0.99920289    0.018249114     0.99920289         268545          79872
      1.0000000     -1.9969047    0.052917371    -0.99868664     0.15290402     0.99868664         295399          91576
      1.0000000     -1.9971372    0.028624127    -0.99925855   0.0044498099     0.99925855         324939          95020
      1.0000000     -1.9963319     0.10817040    -0.99606575     0.91752467     0.99658521         357433         124679
      1.0000000     -1.9971656    0.027649540    -0.99926132   0.0058719923     0.99926132         393176         114509
      1.0000000     -1.9971418    0.029321608    -0.99922607    0.013207397     0.99922607         432494         126830
      1.0000000     -1.9971528    0.029220619    -0.99924504    0.010797815     0.99924504         475744         138726
