      T:            <E>/L^2:     Evariance/T^2:  <M>/L^2:      Mvariance/T:     <|M|>/L^2:    MCcycles:     Accept:
      1.0000000     -2.0000000      0.0000000      1.0000000      0.0000000      1.0000000             10              2
      1.0000000     -1.9981818    0.013223140     0.99954545  0.00082644628     0.99954545             11              2
      1.0000000     -1.9950000    0.030000000     0.99875000   0.0018750000     0.99875000             12              2
      1.0000000     -1.9969231    0.020828402     0.99923077   0.0013017751     0.99923077             13              7
      1.0000000     -2.0000000      0.0000000      1.0000000      0.0000000      1.0000000             14              0
      1.0000000     -2.0000000      0.0000000      1.0000000      0.0000000      1.0000000             16              0
      1.0000000     -1.9964706    0.023252595     0.99911765   0.0014532872     0.99911765             17              6
      1.0000000     -1.9957895    0.026592798     0.99894737   0.0016620499     0.99894737             19              8
      1.0000000     -1.9914286     0.10013605     0.99785714   0.0062585034     0.99785714             21             17
      1.0000000     -1.9973913    0.018147448     0.99934783   0.0011342155     0.99934783             23              8
      1.0000000     -1.9976000    0.016896000     0.99940000   0.0010560000     0.99940000             25              6
      1.0000000     -1.9928571    0.048163265     0.99821429   0.0030102041     0.99821429             28             10
      1.0000000     -1.9961290    0.024973985     0.99903226   0.0015608741     0.99903226             31             10
      1.0000000     -1.9970588    0.029480969     0.99926471   0.0018425606     0.99926471             34             10
      1.0000000     -1.9967568    0.021738495     0.99918919   0.0013586560     0.99918919             37             12
      1.0000000     -1.9985366    0.010850684     0.99963415  0.00067816776     0.99963415             41              2
      1.0000000     -1.9975556    0.019832099     0.99933333   0.0016000000     0.99933333             45             10
      1.0000000     -1.9980000    0.014400000     0.99950000  0.00090000000     0.99950000             50              8
      1.0000000     -1.9985455    0.010790083     0.99963636  0.00067438017     0.99963636             55              6
      1.0000000     -1.9975410    0.019220640     0.99934426   0.0014673475     0.99934426             61             28
      1.0000000     -1.9982090    0.017821341     0.99955224   0.0011138338     0.99955224             67             16
      1.0000000     -1.9964865    0.031818846     0.99912162   0.0019886779     0.99912162             74             24
      1.0000000     -1.9970370    0.023155007     0.99919753   0.0018411827     0.99919753             81             20
      1.0000000     -1.9970787    0.023552582     0.99926966   0.0014720364     0.99926966             89             26
      1.0000000     -1.9981633    0.013344440     0.99954082  0.00083402749     0.99954082             98             28
      1.0000000     -1.9971296    0.023741427     0.99925926   0.0016323731     0.99925926            108             48
      1.0000000     -1.9979832    0.017196526     0.99949580   0.0010747829     0.99949580            119             42
      1.0000000     -1.9981679    0.013313909     0.99954198  0.00083211934     0.99954198            131             32
      1.0000000     -1.9983333    0.016666667     0.99958333   0.0010416667     0.99958333            144             27
      1.0000000     -1.9975949    0.016926775     0.99939873   0.0010579234     0.99939873            158             42
      1.0000000     -1.9982759    0.012604043     0.99956897  0.00078775268     0.99956897            174             42
      1.0000000     -1.9971728    0.029472876     0.99929319   0.0018420548     0.99929319            191             50
      1.0000000     -1.9981517    0.013988904     0.99952607  0.00095280879     0.99952607            211             46
      1.0000000     -1.9962069    0.033555291     0.99900862   0.0023654875     0.99900862            232             84
      1.0000000     -1.9974902    0.021637216     0.99935294   0.0015188005     0.99935294            255             79
      1.0000000     -1.9960854    0.029457580     0.99900356   0.0019515964     0.99900356            281             96
      1.0000000     -1.9976052    0.020489103     0.99936893   0.0014911867     0.99936893            309             94
      1.0000000     -1.9958235    0.037964014     0.99894118   0.0024927336     0.99894118            340            130
      1.0000000     -1.9969786    0.024049015     0.99922460   0.0016311590     0.99922460            374            100
      1.0000000     -1.9962530    0.029420617     0.99903893   0.0019906347     0.99903893            411            142
      1.0000000     -1.9957743    0.030999099     0.99892699   0.0020394608     0.99892699            452            139
      1.0000000     -1.9979074    0.015632791     0.99947686  0.00097704942     0.99947686            497            128
      1.0000000     -1.9971664    0.025819277     0.99928702   0.0016613805     0.99928702            547            158
      1.0000000     -1.9974751    0.019111047     0.99936047   0.0012483582     0.99936047            602            170
      1.0000000     -1.9975529    0.019356888     0.99937311   0.0013080613     0.99937311            662            179
      1.0000000     -1.9969093    0.025464844     0.99920330   0.0017790726     0.99920330            728            236
      1.0000000     -1.9974532    0.020476651     0.99935705   0.0013202910     0.99935705            801            228
      1.0000000     -1.9970034    0.024739609     0.99925085   0.0015462256     0.99925085            881            250
      1.0000000     -1.9969175    0.023786970     0.99920619   0.0016448507     0.99920619            970            270
      1.0000000     -1.9975914    0.021934336     0.99937676   0.0015597164     0.99937676           1067            294
      1.0000000     -1.9972720    0.021439129     0.99929241   0.0015047579     0.99929241           1173            309
      1.0000000     -1.9968629    0.024785355     0.99919830   0.0016871375     0.99919830           1291            372
      1.0000000     -1.9975845    0.019609819     0.99938732   0.0013146400     0.99938732           1420            370
      1.0000000     -1.9972535    0.022155597     0.99930858   0.0014220909     0.99930858           1562            444
      1.0000000     -1.9969441    0.023994560     0.99922293   0.0015919945     0.99922293           1718            554
      1.0000000     -1.9971958    0.022759273     0.99927778   0.0015744268     0.99927778           1890            498
      1.0000000     -1.9968975    0.026222064     0.99919913   0.0018646577     0.99919913           2079            624
      1.0000000     -1.9974770    0.020418460     0.99935942   0.0013443908     0.99935942           2287            594
      1.0000000     -1.9972814    0.022576275     0.99929650   0.0016064880     0.99929650           2516            710
      1.0000000     -1.9972038    0.024040041     0.99929371   0.0015526316     0.99929371           2768            776
      1.0000000     -1.9971649    0.022264548     0.99927891   0.0014838641     0.99927891           3044            852
      1.0000000     -1.9971454    0.022276522     0.99927441   0.0014734926     0.99927441           3349            944
      1.0000000     -1.9974810    0.021131777     0.99935532   0.0014434186     0.99935532           3684            984
      1.0000000     -1.9973544    0.020793592     0.99932996   0.0013579312     0.99932996           4052           1151
      1.0000000     -1.9973659    0.022030617     0.99932241   0.0015215338     0.99932241           4457           1244
      1.0000000     -1.9970324    0.024174737     0.99924026   0.0016516396     0.99924026           4903           1464
      1.0000000     -1.9970912    0.024238867     0.99926214   0.0015879369     0.99926214           5394           1494
      1.0000000     -1.9974027    0.021929886     0.99933845   0.0014682893     0.99933845           5933           1622
      1.0000000     -1.9970380    0.025218791     0.99924379   0.0016943380     0.99924379           6526           1880
      1.0000000     -1.9973617    0.021776378     0.99932720   0.0014793368     0.99932720           7179           2082
      1.0000000     -1.9970419    0.024794181     0.99924718   0.0016436368     0.99924718           7897           2300
      1.0000000     -1.9972407    0.022744777     0.99929953   0.0015039773     0.99929953           8687           2498
      1.0000000     -1.9969869    0.025450690     0.99922920   0.0017225768     0.99922920           9555           2826
      1.0000000     -1.9972743    0.022338816     0.99930264   0.0015122564     0.99930264          10511           2998
      1.0000000     -1.9971043    0.023914624     0.99926137   0.0016015267     0.99926137          11562           3268
      1.0000000     -1.9972794    0.022370462     0.99930964   0.0014747174     0.99930964          12718           3674
      1.0000000     -1.9971851    0.023489650     0.99927770   0.0016061799     0.99927770          13990           4134
      1.0000000     -1.9972506    0.022576498     0.99930112   0.0014921981     0.99930112          15389           4434
      1.0000000     -1.9973370    0.021638705     0.99932272   0.0014321829     0.99932272          16928           4667
      1.0000000     -1.9971419    0.023304739     0.99927018   0.0015698777     0.99927018          18621           5424
      1.0000000     -1.9972208    0.022668966     0.99929311   0.0015029132     0.99929311          20484           5880
      1.0000000     -1.9971165    0.023780613     0.99926149   0.0016201185     0.99926149          22532           6673
      1.0000000     -1.9972818    0.022458365     0.99930583   0.0015111044     0.99930583          24785           7132
      1.0000000     -1.9973188    0.021910283     0.99931650   0.0014662256     0.99931650          27264           7798
      1.0000000     -1.9972281    0.022803201     0.99929376   0.0015270681     0.99929376          29990           8470
      1.0000000     -1.9971560    0.023500900     0.99927521   0.0015777422     0.99927521          32989           9490
      1.0000000     -1.9970153    0.024755551     0.99923721   0.0016780872     0.99923721          36288          10928
      1.0000000     -1.9972227    0.022688204     0.99929303   0.0015131337     0.99929303          39917          11392
      1.0000000     -1.9972366    0.022902675     0.99929547   0.0015366372     0.99929547          43909          12508
      1.0000000     -1.9971718    0.023394399     0.99927774   0.0015778805     0.99927774          48300          14052
      1.0000000     -1.9971359    0.023243131     0.99926943   0.0015589540     0.99926943          53130          15408
      1.0000000     -1.9971045    0.023591044     0.99926167   0.0015792565     0.99926167          58443          17138
      1.0000000     -1.9971840    0.022945390     0.99928205   0.0015392718     0.99928205          64287          18536
      1.0000000     -1.9971265    0.023669392     0.99926721   0.0015864970     0.99926721          70716          20308
      1.0000000     -1.9971633    0.023322402     0.99927681   0.0015634581     0.99927681          77787          22558
      1.0000000     -1.9971502    0.023303484     0.99927384   0.0015569491     0.99927384          85566          24860
      1.0000000     -1.9971265    0.023551481     0.99926633   0.0015871214     0.99926633          94123          27392
      1.0000000     -1.9970990    0.023787895     0.99926011   0.0015977027     0.99926011         103535          30781
      1.0000000     -1.9971788    0.023341881     0.99928092   0.0015621743     0.99928092         113889          32753
      1.0000000     -1.9971818    0.023144054     0.99928216   0.0015498151     0.99928216         125278          36180
      1.0000000     -1.9971473    0.023532631     0.99927119   0.0015902835     0.99927119         137806          40158
      1.0000000     -1.9971321    0.023591599     0.99926731   0.0015989582     0.99926731         151586          44048
      1.0000000     -1.9971461    0.023626075     0.99927164   0.0015918701     0.99927164         166745          48639
      1.0000000     -1.9971123    0.023778776     0.99926273   0.0016052829     0.99926273         183419          53286
      1.0000000     -1.9971660    0.023247887     0.99927783   0.0015547143     0.99927783         201761          58360
      1.0000000     -1.9971606    0.023419869     0.99927552   0.0015757745     0.99927552         221938          64334
      1.0000000     -1.9971546    0.023439198     0.99927404   0.0015750357     0.99927404         244131          71186
      1.0000000     -1.9971412    0.023501509     0.99927085   0.0015783200     0.99927085         268545          78138
      1.0000000     -1.9971494    0.023477989     0.99927256   0.0015821436     0.99927256         295399          86166
      1.0000000     -1.9971714    0.023238611     0.99927939   0.0015520329     0.99927939         324939          93761
      1.0000000     -1.9971604    0.023473261     0.99927613   0.0015734244     0.99927613         357433         103645
      1.0000000     -1.9971487    0.023435424     0.99927235   0.0015776625     0.99927235         393176         114108
      1.0000000     -1.9971490    0.023472462     0.99927305   0.0015739391     0.99927305         432494         125762
      1.0000000     -1.9971694    0.023400992     0.99927786   0.0015722147     0.99927786         475744         137620
