      T:            <E>/L^2:     Evariance/T^2:  <M>/L^2:      Mvariance/T:     <|M|>/L^2:    MCcycles:     Accept:
      2.4000000     -1.5320000     0.56500000     0.83050000     0.22287500     0.83050000             10            647
      2.4000000     -1.5163636      1.8286272     0.81454545      1.0556474     0.81454545             11            737
      2.4000000     -1.5125000      1.5510706     0.80750000     0.91145833     0.80750000             12            782
      2.4000000     -1.4900000     0.86645299     0.80153846     0.49511834     0.80153846             13            907
      2.4000000     -1.4292857      1.3248654     0.77892857      1.0227253     0.77892857             14           1090
      2.4000000     -1.4493750      1.6149902     0.73031250      1.7018066     0.73031250             16           1253
      2.4000000     -1.4623529     0.97183775     0.79529412     0.53160323     0.79529412             17           1246
      2.4000000     -1.5073684      1.3069021     0.78394737     0.78227147     0.78394737             19           1260
      2.4000000     -1.2928571      1.4571051     0.64095238      2.3546107     0.64095238             21           2076
      2.4000000     -1.4743478      1.7100399     0.75739130      1.9387209     0.75739130             23           1688
      2.4000000     -1.4392000      1.7127333     0.77680000      1.2189600     0.77680000             25           1897
      2.4000000     -1.3732143      1.2792924     0.66785714      3.7206633     0.66785714             28           2330
      2.4000000     -1.5058065     0.95464794     0.82145161     0.49951439     0.82145161             31           2161
      2.4000000     -1.5202941     0.91523092     0.82352941     0.44008074     0.82352941             34           2165
      2.4000000     -1.4148649      1.3602183     0.75202703      1.1854638     0.75202703             37           2948
      2.4000000     -1.4236585      1.1445651     0.76207317     0.85466984     0.76207317             41           3282
      2.4000000     -1.3982222      1.6275583     0.71955556      1.3625597     0.71955556             45           3688
      2.4000000     -1.3840000      1.4019444     0.69230000      1.9238683     0.69230000             50           4290
      2.4000000     -1.4130909      1.3651194     0.74863636      1.0262810     0.74863636             55           4504
      2.4000000     -1.3895082      1.8122555     0.73696721      1.6007211     0.73696721             61           5206
      2.4000000     -1.3144776      1.2738979     0.63156716      3.6115932     0.63156716             67           6446
      2.4000000     -1.3424324      1.6762032     0.62729730      4.0608321     0.62729730             74           6917
      2.4000000     -1.3271605      2.3889291     0.62703704      5.5087220     0.62703704             81           7612
      2.4000000     -1.2500000      2.4113608     0.54140449      4.9842686     0.54140449             89           9427
      2.4000000     -1.3106122      1.0430579     0.64928571      1.7535714     0.64928571             98           9419
      2.4000000     -1.3201852      2.1379863     0.52472222      13.146792     0.52768519            108          10456
      2.4000000     -1.2968067      2.1190398     0.59348739      4.8237783     0.59348739            119          11681
      2.4000000     -1.3040458      1.5463082     0.52416031      9.1508027     0.55538168            131          12838
      2.4000000     -1.3277083      1.8110261     0.64204861      4.1925586     0.64204861            144          13624
      2.4000000     -1.1386709      2.0244466     0.28107595      9.4911152     0.31962025            158          19507
      2.4000000     -1.2965517      1.3347426     0.60218391      4.0272702     0.60218391            174          17004
      2.4000000     -1.3225654     0.89341293     0.60243455      3.2037024     0.60243455            191          18133
      2.4000000     -1.2073934      1.6369360     0.15045024      9.1789577     0.36405213            211          23544
      2.4000000     -1.2765086      2.1101748     0.53780172      8.2795107     0.53780172            232          23570
      2.4000000     -1.2411373      1.2540769     0.34792157      11.441203     0.37827451            255          27292
      2.4000000     -1.3224911      1.1213563     0.65574733      1.9840113     0.65574733            281          26603
      2.4000000     -1.1857929      1.2555130   -0.078414239      8.3344465     0.30343042            309          35702
      2.4000000     -1.2880294     0.94529814     0.56752941      2.3181494     0.56752941            340          33629
      2.4000000     -1.2658556      1.2777177     0.50629679      9.0873630     0.50677807            374          38667
      2.4000000     -1.3274939      1.7395105     0.62793187      4.1642304     0.62793187            411          38810
      2.4000000     -1.2498451      1.3910228     0.42424779      9.7304629     0.44356195            452          47573
      2.4000000     -1.2862575      1.5036663     0.57180080      5.6342768     0.57180080            497          50101
      2.4000000     -1.2572395      1.1953244     0.53203839      4.1432060     0.53203839            547          57724
      2.4000000     -1.2285880      1.4657969     0.10751661      7.9569487     0.47133721            602          65214
      2.4000000     -1.2218278      1.3259366     0.25640483      9.5107303     0.39064955            662          72842
      2.4000000     -1.2070879      1.4246438     0.10682005      9.2557600     0.37485577            728          81629
      2.4000000     -1.2507990      1.2771612     0.47579900      8.5014639     0.48868290            801          84305
      2.4000000     -1.2465267      1.7334288    -0.22276958      9.8671800     0.46832009            881          93529
      2.4000000     -1.2158041     0.92004745    0.038948454      6.8576396     0.41750515            970         107441
      2.4000000     -1.3037301      1.4343144     0.59034677      4.8252642     0.59122774           1067         104178
      2.4000000     -1.1930691      1.1698489     0.16963342      6.7527914     0.38404092           1173         133320
      2.4000000     -1.2106816      1.0682395   -0.024128582      7.1810523     0.42179706           1291         144074
      2.4000000     -1.2877183      1.5335293    -0.41354577      8.7755216     0.53908803           1420         143413
      2.4000000     -1.2117798      1.3051755     0.12104353      9.0906953     0.34059539           1562         174209
      2.4000000     -1.2108324      1.6623541   -0.069639115      9.4711852     0.40131548           1718         191625
      2.4000000     -1.2801905      1.2670830     0.12303175      5.9018823     0.54868783           1890         191109
      2.4000000     -1.2546272      1.4547888     0.16749158      8.0774537     0.49976190           2079         218526
      2.4000000     -1.2222912      1.4392337     0.22926760      9.1379313     0.41200918           2287         251754
      2.4000000     -1.2800835      1.3913311    -0.14645866      5.7619404     0.54740461           2516         254932
      2.4000000     -1.2505925      1.3314022     0.40231395      6.6682912     0.50410947           2768         292180
      2.4000000     -1.2395532      1.4264535    0.056266426      8.7129790     0.46240637           3044         326877
      2.4000000     -1.2362795      1.4505126   -0.076409376      9.5478252     0.44183488           3349         361194
      2.4000000     -1.2253637      1.3829965     0.20412731      8.1110195     0.42334826           3684         403534
      2.4000000     -1.2646101      1.5220619     0.28688302      9.8634648     0.49357354           4052         420547
      2.4000000     -1.2414225      1.4203653    0.040564281      9.7322361     0.43938860           4457         478802
      2.4000000     -1.2640832      1.4544872  -0.0048541709      8.3062476     0.50264328           4903         508839
      2.4000000     -1.2242139      1.2766026     0.18297460      8.4663453     0.42224045           5394         591197
      2.4000000     -1.2529429      1.5083434    -0.36393814      8.3953175     0.49260829           5933         624988
      2.4000000     -1.2415722      1.5076794     0.19971728      9.4051270     0.46575008           6526         698836
      2.4000000     -1.2183939      1.3677062     0.15676417      8.7287771     0.41203928           7179         794409
      2.4000000     -1.2328669      1.4141876   -0.054715082      8.8771189     0.44194188           7897         855149
      2.4000000     -1.2459019      1.4962165    -0.20856682      10.017724     0.46216185           8687         924074
      2.4000000     -1.2425892      1.4780724     0.20579801      8.7345737     0.46801256           9555        1022678
      2.4000000     -1.2425868      1.4052459    0.064623728      8.2090233     0.47210636          10511        1124417
      2.4000000     -1.2432961      1.3524530   -0.028369659      8.5083961     0.46056911          11562        1234724
      2.4000000     -1.2325774      1.3835995   -0.044503460      9.3350258     0.43741587          12718        1378849
      2.4000000     -1.2487448      1.4432470    0.016864189      8.7519410     0.47084203          13990        1483458
      2.4000000     -1.2443096      1.4036532    0.027307167      8.9366603     0.46485347          15389        1642505
      2.4000000     -1.2365731      1.3686032     0.10952003      9.2227189     0.44613392          16928        1820877
      2.4000000     -1.2453021      1.3786802    -0.13643037      8.7680673     0.46443317          18621        1980919
      2.4000000     -1.2372349      1.4134202   0.0026591486      8.4489223     0.45361746          20484        2206447
      2.4000000     -1.2428142      1.4525713   -0.054251065      9.0295563     0.46217713          22532        2407363
      2.4000000     -1.2388416      1.3996527     0.10913920      8.9527413     0.45181461          24785        2664331
      2.4000000     -1.2516197      1.4129369   -0.027306521      8.0850686     0.48761022          27264        2878412
      2.4000000     -1.2470584      1.4729592    -0.11543698      8.9852707     0.47596749          29990        3185396
      2.4000000     -1.2389005      1.4171694    0.046768468      9.0284547     0.45302480          32989        3544004
      2.4000000     -1.2257735      1.3594046    0.084147101      8.8507273     0.42897459          36288        3967946
      2.4000000     -1.2312015      1.3911119   -0.049721547      8.6829855     0.44865759          39917        4332282
      2.4000000     -1.2410073      1.4439639   -0.019933271      9.0760459     0.46335148          43909        4701409
      2.4000000     -1.2371934      1.4237922    0.051583954      8.8918905     0.45423799          48300        5197096
      2.4000000     -1.2397994      1.4287971   -0.045863825      8.9083243     0.45970440          53130        5703198
      2.4000000     -1.2340583      1.4007628    0.082539654      9.1075810     0.44647340          58443        6321494
      2.4000000     -1.2399241      1.4316918    0.066690233      8.9326492     0.45765995          64287        6898733
      2.4000000     -1.2393808      1.3906610    0.024618898      8.6869563     0.46126449          70716        7595661
      2.4000000     -1.2380636      1.4260174    0.013334426      8.7561154     0.46002886          77787        8368444
      2.4000000     -1.2374900      1.3952782   -0.021783360      8.8030135     0.45532682          85566        9217996
      2.4000000     -1.2425611      1.4243041   -0.023599386      8.5927440     0.46744627          94123       10057161
      2.4000000     -1.2341734      1.3855460   -0.041736659      8.8867182     0.44678964         103535       11199933
      2.4000000     -1.2396231      1.4158862   -0.034404684      8.7259406     0.46041870         113889       12227328
      2.4000000     -1.2356664      1.4260738    0.048959754      8.8320478     0.45442472         125278       13523814
      2.4000000     -1.2330925      1.4043808   -0.019082261      8.9213784     0.44442978         137806       14932142
      2.4000000     -1.2354270      1.4073072   -0.011300417      8.8631312     0.45100210         151586       16373257
      2.4000000     -1.2379750      1.4052685    0.011484752      8.9128719     0.45375403         166745       17939538
      2.4000000     -1.2348653      1.4167027    0.068684542      8.8666253     0.45114884         183419       19825053
      2.4000000     -1.2350445      1.3942173   0.0089536630      8.8852888     0.44855706         201761       21795000
      2.4000000     -1.2378820      1.3981469    0.011085866      8.7259833     0.45628097         221938       23879254
      2.4000000     -1.2388215      1.4226146   -0.036354273      8.7824182     0.45969957         244131       26231174
      2.4000000     -1.2387921      1.4142982   -0.016547003      8.7908410     0.45747623         268545       28854982
      2.4000000     -1.2386191      1.4101473    0.021374412      8.8096825     0.45544189         295399       31756821
      2.4000000     -1.2349229      1.4012265  -0.0013898455      8.8545321     0.44869131         324939       35108712
      2.4000000     -1.2356274      1.4007410    0.013569564      8.7827571     0.45188119         357433       38576330
      2.4000000     -1.2380303      1.4072178   -0.021443031      8.8894325     0.45689634         393176       42293178
      2.4000000     -1.2368111      1.4058971   0.0022889913      8.8153147     0.45325442         432494       46598242
      2.4000000     -1.2359190      1.4053008  -0.0029184603      8.8929942     0.45047883         475744       51330832
      2.4000000     -1.2351518      1.3980306   -0.012846319      8.9114557     0.44803737         523318       56508003
      2.4000000     -1.2333388      1.3943427   0.0015494745      8.8917957     0.44589776         575650       62336107
      2.4000000     -1.2372672      1.4247695    0.012544799      8.9639331     0.45364128         633215       68196807
      2.4000000     -1.2385820      1.4224515   -0.020424092      8.8733511     0.45667497         696536       74871714
      2.4000000     -1.2383030      1.4113465   0.0046228024      8.8537758     0.45635863         766190       82395004
      2.4000000     -1.2371589      1.4091431    0.010002984      8.8460357     0.45400777         842809       90749466
      2.4000000     -1.2374788      1.4071750   -0.022052611      8.8233357     0.45512844         927090       99793464
