      T:            <E>/L^2:     Evariance/T^2:  <M>/L^2:      Mvariance/T:     <|M|>/L^2:    MCcycles:     Accept:
      2.4000000    -0.90000000      1.1277778    0.037500000     0.48920833     0.10650000             10           1702
      2.4000000    -0.92727273      2.0076905   -0.021818182    0.063223140    0.024545455             11           1757
      2.4000000     -1.0091667      1.2273823    -0.17416667      1.0533565     0.17416667             12           1792
      2.4000000    -0.96461538      2.3233070     0.17807692     0.97598619     0.17807692             13           1970
      2.4000000     -1.1357143      1.6981293     0.28892857      1.9983206     0.28892857             14           1907
      2.4000000     -1.1318750      2.8890788     0.33687500      2.4488932     0.33687500             16           2110
      2.4000000    -0.96000000      1.4232026    0.078823529     0.31825260     0.13411765             17           2564
      2.4000000     -1.0663158      2.4175516    -0.29342105      2.1785319     0.29342105             19           2565
      2.4000000     -1.2033333      3.3527337    -0.39690476      4.5942366     0.39690476             21           2430
      2.4000000     -1.0173913      1.9198173     0.21565217      2.8736610     0.21565217             23           3273
      2.4000000     -1.0004000      1.6591556   0.0088000000     0.16784000    0.056400000             25           3723
      2.4000000     -1.0717857      2.1404036     0.17785714      1.5399447     0.18678571             28           3776
      2.4000000     -1.0519355     0.98002659    -0.22903226      1.1616719     0.22903226             31           4287
      2.4000000     -1.0738235      1.3190420   -0.069411765      3.8950692     0.17176471             34           4486
      2.4000000     -1.0708108      1.1649318     0.25027027      1.3621500     0.25027027             37           4980
      2.4000000     -1.1870732      1.3300284    -0.41439024      4.4490234     0.41439024             41           4794
      2.4000000     -1.2457778      2.5723731    -0.43544444      8.8794979     0.43588889             45           4954
      2.4000000     -1.1700000      1.4111111    -0.25960000      8.1880400     0.29740000             50           5925
      2.4000000     -1.0130909      1.5706749    -0.14509091      4.4544959     0.20054545             55           7921
      2.4000000     -1.1506557      1.3695057   -0.075655738      1.3653856     0.15745902             61           7358
      2.4000000     -1.0611940      1.2223305    -0.23880597      3.8235984     0.24044776             67           9046
      2.4000000     -1.0954054      1.0493974     0.20412162      1.6538265     0.23101351             74           9656
      2.4000000     -1.0707407     0.65788371    0.047098765     0.86327160    0.083888889             81          10849
      2.4000000     -1.1184270      1.4678369     0.18061798      4.9605816     0.20724719             89          11438
      2.4000000     -1.1203061     0.80009270    -0.28500000      3.9624150     0.28500000             98          12261
      2.4000000     -1.1497222      1.4658511     0.26638889      4.7759074     0.27398148            108          13246
      2.4000000     -1.1028571      1.0796152     0.22042017      6.5428671     0.24142857            119          15069
      2.4000000     -1.1709160      1.8907390     0.12923664      7.2025941     0.35297710            131          15525
      2.4000000     -1.1261806     0.66464087    0.067152778      2.6203631     0.19520833            144          18013
      2.4000000     -1.1362025     0.94449785     0.20787975      2.0800975     0.22136076            158          19597
      2.4000000     -1.2563793      3.1979641    -0.40566092      12.600518     0.49841954            174          18435
      2.4000000     -1.1984293      1.8991888    -0.37905759      9.9568335     0.37968586            191          21761
      2.4000000     -1.2270142      1.2558646     0.45469194      4.3022551     0.45469194            211          23146
      2.4000000     -1.2359483      1.9876052     0.44646552      11.736250     0.47077586            232          25319
      2.4000000     -1.1074118     0.67856530    0.086450980      4.3566955     0.23794118            255          32246
      2.4000000     -1.1159431     0.71588945    0.085338078      2.0575115     0.16035587            281          35545
      2.4000000     -1.2137864      1.3320006    0.037556634      8.0688938     0.40364078            309          34322
      2.4000000     -1.1897353      1.0574910    -0.14413235      5.4245044     0.37863235            340          39270
      2.4000000     -1.2120588      1.8012319    -0.38454545      9.9258938     0.39796791            374          41644
      2.4000000     -1.2330414      1.4281053     0.51369830      4.5698413     0.51369830            411          44781
      2.4000000     -1.2120133      1.5377132     0.34180310      10.079259     0.38290929            452          50471
      2.4000000     -1.1891348      1.2063950    -0.34631791      7.3925394     0.37044266            497          57069
      2.4000000     -1.2250823      1.7213934     0.23847349      13.089123     0.38214808            547          59904
      2.4000000     -1.2769601      1.5949540     0.52887874      7.7687770     0.53615449            602          61330
      2.4000000     -1.1498489     0.77154508     0.11520393      5.1811504     0.22150302            662          80809
      2.4000000     -1.2259341      1.3567961    -0.41127747      7.9471521     0.43869505            728          79906
      2.4000000     -1.2737578      1.3826111    -0.50468789      7.0343269     0.51999376            801          82013
      2.4000000     -1.2032350      1.1757851     0.20074915      6.9333170     0.39929625            881          99883
      2.4000000     -1.2485464      1.2474692     0.48101546      7.0268844     0.49328351            970         102171
      2.4000000     -1.2274133      1.1345713     0.32349110      9.1446830     0.43241331           1067         116540
      2.4000000     -1.1768798      1.1001575    -0.18134697      7.1854458     0.32057118           1173         137078
      2.4000000     -1.2172812      1.4705201   -0.070801704      7.8229852     0.44493029           1291         142765
      2.4000000     -1.2246408      1.6917408     0.15558451      10.044387     0.42732394           1420         154896
      2.4000000     -1.2206210      1.0731655    -0.14039052      6.1537946     0.44015365           1562         172002
      2.4000000     -1.2389464      1.5038398   -0.025439464      9.6882164     0.47232538           1718         184121
      2.4000000     -1.2390000      1.4891538     0.12122487      8.8471889     0.48016667           1890         203470
      2.4000000     -1.2382443      1.5849197     0.27169793      9.1928188     0.45890813           2079         223817
      2.4000000     -1.2066681      1.2871305    0.045673371      8.9682713     0.37092479           2287         255865
      2.4000000     -1.2106955      1.2839075   -0.050578299      8.6988357     0.39141693           2516         280110
      2.4000000     -1.2230961      1.3907847    -0.19114523      9.3252854     0.40566113           2768         303570
      2.4000000     -1.2276938      1.4240174     0.37432162      7.6022983     0.45863173           3044         331646
      2.4000000     -1.2155151      1.3523904   -0.042297701      7.7891878     0.42779486           3349         371653
      2.4000000     -1.2530103      1.6748800    -0.24365228      9.2918311     0.49193132           3684         389330
      2.4000000     -1.2116807      1.3589903 -9.0078973E-05      9.1927288     0.40752838           4052         450769
      2.4000000     -1.2577227      1.5689519    -0.10678259      9.7769411     0.47602872           4457         466460
      2.4000000     -1.2453437      1.5044162     0.24664083      8.6115624     0.47686926           4903         520843
      2.4000000     -1.2190211      1.4463374    0.081756581      9.6176538     0.40545699           5394         595813
      2.4000000     -1.2140351      1.3871191     0.15897354      8.1402991     0.42335749           5933         658991
      2.4000000     -1.2190791      1.3300129    -0.17826080      8.5938292     0.42265706           6526         719982
      2.4000000     -1.2220880      1.4367716    -0.20077309      9.3436344     0.41484747           7179         790229
      2.4000000     -1.2304077      1.4400290    -0.23526782      9.0874447     0.43784728           7897         860320
      2.4000000     -1.2227179      1.3980895    -0.11325083      8.3536867     0.42646598           8687         952388
      2.4000000     -1.2634464      1.4841183   -0.081713239      8.4964134     0.50421141           9555         992861
      2.4000000     -1.2370440      1.3986410    0.044746456      9.2195838     0.45116545          10511        1133721
      2.4000000     -1.2390348      1.3469749     0.18312792      8.1291202     0.46884406          11562        1241272
      2.4000000     -1.2386106      1.4517086    0.099825444      8.6792594     0.45166300          12718        1368292
      2.4000000     -1.2245182      1.3499658    0.019229450      8.9426081     0.41963903          13990        1534964
      2.4000000     -1.2344330      1.3587446    -0.14525538      9.2099581     0.43803204          15389        1661684
      2.4000000     -1.2402162      1.4294964  0.00071922259      8.9261578     0.46107957          16928        1813772
      2.4000000     -1.2352860      1.3915673   -0.064937168      8.7237936     0.45364400          18621        2011364
      2.4000000     -1.2222852      1.3151021   -0.042649385      8.8918252     0.42315124          20484        2253234
      2.4000000     -1.2333339      1.4882474   -0.032701935      9.4525268     0.44375999          22532        2441815
      2.4000000     -1.2359576      1.3616807   -0.062485576      8.2384513     0.46053843          24785        2671925
      2.4000000     -1.2316274      1.3544349  -0.0046944689      8.5034444     0.44596794          27264        2956628
      2.4000000     -1.2400994      1.4549056    0.014582694      8.7527737     0.46002518          29990        3220081
      2.4000000     -1.2334584      1.4071688   -0.026271181      8.8146147     0.44961078          32989        3572463
      2.4000000     -1.2287026      1.4179357  -0.0014198909      9.3690996     0.43369916          36288        3955325
      2.4000000     -1.2384510      1.4096155   -0.083842724      8.8840016     0.45324523          39917        4291295
      2.4000000     -1.2295794      1.3805647   -0.032828350      8.9783997     0.43845180          43909        4775181
      2.4000000     -1.2337899      1.3808387    0.050433747      8.8790031     0.44453478          48300        5223746
      2.4000000     -1.2279413      1.4009155   -0.058750423      9.1107700     0.43084058          53130        5798124
      2.4000000     -1.2372313      1.4262597     0.14554677      8.9691193     0.45668429          58443        6291459
      2.4000000     -1.2327965      1.3680136   -0.060061365      8.7362250     0.44507700          64287        6968233
      2.4000000     -1.2423806      1.4370079    0.037948343      8.9340997     0.46415147          70716        7564635
      2.4000000     -1.2352274      1.4096665   -0.039759279      8.8532782     0.45059001          77787        8398693
      2.4000000     -1.2405375      1.4288304   -0.048341047      8.8005398     0.45932976          85566        9169800
      2.4000000     -1.2362590      1.4087477   0.0040390234      8.7427833     0.45432833          94123       10148979
      2.4000000     -1.2356297      1.3853879 -0.00057415367      8.7551016     0.44999367         103535       11169451
      2.4000000     -1.2385085      1.3947806  -0.0094845420      8.8845499     0.45440372         113889       12238966
      2.4000000     -1.2336434      1.4266924  -0.0043840100      9.0310508     0.44476317         125278       13563804
      2.4000000     -1.2352714      1.3972112   -0.027176719      8.8342391     0.44813662         137806       14880877
      2.4000000     -1.2347643      1.4250288  -0.0062719512      9.0117637     0.44926359         151586       16379774
      2.4000000     -1.2334855      1.4018245   -0.015977001      8.8910983     0.44603182         166745       18048122
      2.4000000     -1.2352066      1.4011075   -0.012702637      9.1197473     0.44616787         183419       19815056
      2.4000000     -1.2360795      1.4055134 -0.00018628476      9.0825274     0.44965645         201761       21766420
      2.4000000     -1.2392123      1.4103366   -0.029791856      8.7553644     0.46024018         221938       23828795
      2.4000000     -1.2331470      1.3921681   0.0098873351      8.8485454     0.44471327         244131       26439839
      2.4000000     -1.2368831      1.4173396   -0.014377646      8.9625838     0.45175079         268545       28938446
      2.4000000     -1.2349825      1.3837063    0.020915254      8.8077064     0.44974220         295399       31912652
      2.4000000     -1.2359949      1.4033977   0.0067516365      8.8664053     0.45079640         324939       35058535
      2.4000000     -1.2363202      1.4113849    0.023224297      8.8765474     0.45139478         357433       38536639
      2.4000000     -1.2397102      1.4111516  0.00096652644      8.7976363     0.46078887         393176       42201497
      2.4000000     -1.2384977      1.4243812    0.030216546      8.8343027     0.45842205         432494       46493426
      2.4000000     -1.2365931      1.3988618  -0.0048274597      8.7929467     0.45334355         475744       51278154
      2.4000000     -1.2364186      1.4159177  -0.0054823836      8.8692433     0.45242432         523318       56435370
      2.4000000     -1.2354418      1.4238080    0.024626527      8.9263805     0.45106686         575650       62144114
      2.4000000     -1.2360020      1.4001121   0.0012730747      8.7665127     0.45272710         633215       68303849
      2.4000000     -1.2344321      1.3871074  -0.0031871002      8.7622092     0.44805740         696536       75307691
      2.4000000     -1.2393879      1.4155324    0.012009051      8.7105854     0.46091432         766190       82261408
      2.4000000     -1.2378517      1.4042868  -0.0052350770      8.8596365     0.45517105         842809       90678724
      2.4000000     -1.2355372      1.3968062   0.0067777454      8.7784783     0.45062153         927090      100072384
