      T:            <E>/L^2:     Evariance/T^2:  <M>/L^2:      Mvariance/T:     <|M|>/L^2:    MCcycles:     Accept:
      1.0000000     -1.9971680    0.023303910     0.99927650   0.0015676191     0.99927650          10000           2938
      1.0100000     -1.9968840    0.025287930     0.99920200   0.0017418598     0.99920200          10000           3146
      1.0200000     -1.9964140    0.027927952     0.99908450   0.0019095528     0.99908450          10000           3430
      1.0300000     -1.9965280    0.026492682     0.99911550   0.0018214213     0.99911550          10000           3580
      1.0400000     -1.9960580    0.029726567     0.99898650   0.0021289684     0.99898650          10000           4094
      1.0500000     -1.9956860    0.032054206     0.99889050   0.0023377180     0.99889050          10000           4392
      1.0600000     -1.9954320    0.033895826     0.99883150   0.0024347576     0.99883150          10000           4568
      1.0700000     -1.9952090    0.034558938     0.99876650   0.0025704590     0.99876650          10000           5060
      1.0800000     -1.9947420    0.037953853     0.99864950   0.0028254258     0.99864950          10000           5442
      1.0900000     -1.9943880    0.039150057     0.99855400   0.0029758106     0.99855400          10000           5848
      1.1000000     -1.9944020    0.039174346     0.99855300   0.0030331604     0.99855300          10000           5985
      1.1100000     -1.9936980    0.041913739     0.99838250   0.0031878176     0.99838250          10000           6516
      1.1200000     -1.9931250    0.047118742     0.99822900   0.0036744854     0.99822900          10000           6954
      1.1300000     -1.9927830    0.047397576     0.99814350   0.0036994364     0.99814350          10000           7456
      1.1400000     -1.9924400    0.048613850     0.99805200   0.0038667705     0.99805200          10000           8038
      1.1500000     -1.9915020    0.053560377     0.99780550   0.0043014503     0.99780550          10000           8896
      1.1600000     -1.9909500    0.055040874     0.99764850   0.0046268785     0.99764850          10000           9424
      1.1700000     -1.9908180    0.056468953     0.99761750   0.0047439979     0.99761750          10000           9665
      1.1800000     -1.9898190    0.062486998     0.99735500   0.0053318559     0.99735500          10000          10476
      1.1900000     -1.9896670    0.062306083     0.99731600   0.0053314770     0.99731600          10000          11044
      1.2000000     -1.9889120    0.067382293     0.99710600   0.0059699213     0.99710600          10000          11839
      1.2100000     -1.9879610    0.068643530     0.99683800   0.0062104979     0.99683800          10000          12729
      1.2200000     -1.9872620    0.073835893     0.99665250   0.0068120471     0.99665250          10000          13289
      1.2300000     -1.9867030    0.073781424     0.99652000   0.0066453984     0.99652000          10000          13860
      1.2400000     -1.9855150    0.081216123     0.99620850   0.0074361380     0.99620850          10000          15199
      1.2500000     -1.9849260    0.081867398     0.99603350   0.0077214009     0.99603350          10000          15725
      1.2600000     -1.9843470    0.081872913     0.99588550   0.0077502825     0.99588550          10000          16629
      1.2700000     -1.9830640    0.091594495     0.99556550   0.0085945543     0.99556550          10000          17830
      1.2800000     -1.9818940    0.097141788     0.99522100   0.0094706747     0.99522100          10000          19050
      1.2900000     -1.9811490    0.098121459     0.99500100   0.0098186043     0.99500100          10000          19975
      1.3000000     -1.9802140    0.098838865     0.99474800   0.0099296911     0.99474800          10000          21094
      1.3100000     -1.9787980     0.10421192     0.99439050    0.010427789     0.99439050          10000          22209
      1.3200000     -1.9780620     0.10491831     0.99416900    0.010818012     0.99416900          10000          23415
      1.3300000     -1.9762580     0.12101926     0.99363700    0.013047288     0.99363700          10000          24980
      1.3400000     -1.9757300     0.12043820     0.99352750    0.012972909     0.99352750          10000          25876
      1.3500000     -1.9751130     0.11675989     0.99336550    0.012561751     0.99336550          10000          26651
      1.3600000     -1.9730530     0.12838002     0.99273550    0.014505747     0.99273550          10000          28629
      1.3700000     -1.9721660     0.13007586     0.99254800    0.014356992     0.99254800          10000          29450
      1.3800000     -1.9700240     0.14026453     0.99191950    0.015863194     0.99191950          10000          31713
      1.3900000     -1.9693080     0.13876324     0.99172650    0.015839337     0.99172650          10000          32925
      1.4000000     -1.9684100     0.14139018     0.99149200    0.016475410     0.99149200          10000          34171
      1.4100000     -1.9657170     0.15567948     0.99069750    0.018780424     0.99069750          10000          36360
      1.4200000     -1.9647470     0.15567467     0.99044850    0.018511647     0.99044850          10000          37729
      1.4300000     -1.9625590     0.16143998     0.98981650    0.019912959     0.98981650          10000          39814
      1.4400000     -1.9619290     0.16336978     0.98963850    0.020114394     0.98963850          10000          41188
      1.4500000     -1.9597100     0.17375047     0.98897300    0.022416626     0.98897300          10000          43531
      1.4600000     -1.9586010     0.17538990     0.98868500    0.022505692     0.98868500          10000          44890
      1.4700000     -1.9557450     0.18671201     0.98776850    0.025501471     0.98776850          10000          48074
      1.4800000     -1.9554300     0.17980188     0.98778650    0.023652140     0.98778650          10000          48476
      1.4900000     -1.9539420     0.18612506     0.98730100    0.025052456     0.98730100          10000          50638
      1.5000000     -1.9505120     0.20072851     0.98623150    0.028744242     0.98623150          10000          54099
      1.5100000     -1.9493110     0.20238328     0.98596900    0.028026765     0.98596900          10000          55678
      1.5200000     -1.9464210     0.21722312     0.98509300    0.031127987     0.98509300          10000          58940
      1.5300000     -1.9444020     0.21579092     0.98452300    0.030808489     0.98452300          10000          61190
      1.5400000     -1.9415470     0.22554508     0.98352650    0.035315921     0.98352650          10000          64563
      1.5500000     -1.9407930     0.23886471     0.98336750    0.037533534     0.98336750          10000          65473
      1.5600000     -1.9385220     0.23363832     0.98274050    0.035644144     0.98274050          10000          68057
      1.5700000     -1.9358280     0.24111232     0.98198700    0.036750785     0.98198700          10000          71093
      1.5800000     -1.9331940     0.24474898     0.98121550    0.037640521     0.98121550          10000          74360
      1.5900000     -1.9311830     0.26126348     0.98051450    0.041799444     0.98051450          10000          77099
      1.6000000     -1.9277940     0.25810212     0.97952800    0.042515554     0.97952800          10000          80131
      1.6100000     -1.9262280     0.27467336     0.97891800    0.047484292     0.97891800          10000          83144
      1.6200000     -1.9225160     0.27330434     0.97787750    0.045857406     0.97787750          10000          86905
      1.6300000     -1.9203830     0.28407291     0.97728950    0.047726550     0.97728950          10000          89705
      1.6400000     -1.9159550     0.29173230     0.97582800    0.050852297     0.97582800          10000          94725
      1.6500000     -1.9150720     0.29904791     0.97544550    0.054239765     0.97544550          10000          96763
      1.6600000     -1.9109800     0.30337344     0.97420700    0.055762928     0.97420700          10000         101030
      1.6700000     -1.9081470     0.32574799     0.97317950    0.064742103     0.97317950          10000         104737
      1.6800000     -1.9043910     0.31389018     0.97189500    0.063439042     0.97189500          10000         108772
      1.6900000     -1.9014850     0.33996916     0.97104450    0.067551839     0.97104450          10000         112957
      1.7000000     -1.8992320     0.33624778     0.97047650    0.065845988     0.97047650          10000         115389
      1.7100000     -1.8953070     0.35080137     0.96915900    0.072463794     0.96915900          10000         120763
      1.7200000     -1.8916450     0.36475446     0.96793150    0.077040420     0.96793150          10000         124688
      1.7300000     -1.8867890     0.37522129     0.96611050    0.085074980     0.96611050          10000         130566
      1.7400000     -1.8842740     0.37535116     0.96559250    0.079196884     0.96559250          10000         134292
      1.7500000     -1.8795130     0.38592168     0.96383800    0.086607944     0.96383800          10000         139505
      1.7600000     -1.8759700     0.38240949     0.96272150    0.087627486     0.96272150          10000         144325
      1.7700000     -1.8717580     0.40465632     0.96121000    0.097106418     0.96121000          10000         150979
      1.7800000     -1.8684980     0.41786946     0.95985550     0.10684755     0.95985550          10000         154091
      1.7900000     -1.8640540     0.43705316     0.95820500     0.11651687     0.95820500          10000         160180
      1.8000000     -1.8589890     0.43281085     0.95680400     0.10694791     0.95680400          10000         165583
      1.8100000     -1.8534120     0.43227963     0.95513700     0.10769640     0.95513700          10000         171700
      1.8200000     -1.8503890     0.45220368     0.95386000     0.12270668     0.95386000          10000         176003
      1.8300000     -1.8449570     0.48807407     0.95156450     0.13346554     0.95156450          10000         184335
      1.8400000     -1.8402710     0.50133230     0.94983600     0.15086807     0.94983600          10000         190089
      1.8500000     -1.8378620     0.49595897     0.94938100     0.13661769     0.94938100          10000         193675
      1.8600000     -1.8299830     0.53704587     0.94625350     0.18289381     0.94625350          10000         202244
      1.8700000     -1.8256640     0.53124986     0.94430900     0.17753851     0.94430900          10000         208586
      1.8800000     -1.8190640     0.55930556     0.94163450     0.18530658     0.94163450          10000         218250
      1.8900000     -1.8130510     0.56470999     0.93919950     0.20356332     0.93919950          10000         224914
      1.9000000     -1.8106550     0.54548487     0.93943750     0.17179918     0.93943750          10000         227652
      1.9100000     -1.8040180     0.55484177     0.93660600     0.18663890     0.93660600          10000         237332
      1.9200000     -1.7996190     0.59883950     0.93427900     0.24046566     0.93427900          10000         244020
      1.9300000     -1.7912030     0.62476875     0.93150250     0.22272331     0.93150250          10000         253675
      1.9400000     -1.7825300     0.65073643     0.92689600     0.27679901     0.92689600          10000         266526
      1.9500000     -1.7789390     0.61155811     0.92631950     0.23762491     0.92631950          10000         270827
      1.9600000     -1.7715400     0.66363686     0.92259250     0.29623601     0.92259250          10000         280384
      1.9700000     -1.7669050     0.67339751     0.92083100     0.31670649     0.92083100          10000         287116
      1.9800000     -1.7602960     0.67466099     0.91850400     0.28932464     0.91850400          10000         296462
      1.9900000     -1.7545060     0.71214323     0.91526550     0.34532804     0.91526550          10000         305935
      2.0000000     -1.7493140     0.69320094     0.91320750     0.33758789     0.91320750          10000         312367
      2.0100000     -1.7340830     0.73539557     0.90569150     0.40116803     0.90569150          10000         332118
      2.0200000     -1.7316180     0.73585355     0.90520850     0.38969387     0.90520850          10000         336277
      2.0300000     -1.7233780     0.76615973     0.90109450     0.46137627     0.90109450          10000         345794
      2.0400000     -1.7100640     0.87458823     0.89385650     0.63187155     0.89385650          10000         364774
      2.0500000     -1.7044350     0.86556295     0.89074300     0.66280741     0.89074300          10000         373013
      2.0600000     -1.6966020     0.89839887     0.88573700     0.80215181     0.88573700          10000         385585
      2.0700000     -1.6817980     0.98107188     0.87581050      1.1082581     0.87581050          10000         404542
      2.0800000     -1.6785600     0.91192922     0.87715850     0.78204584     0.87715850          10000         408868
      2.0900000     -1.6763520     0.92161920     0.87812050     0.70513397     0.87812050          10000         413929
      2.1000000     -1.6640600     0.93834344     0.86998200     0.87445422     0.86998200          10000         430607
      2.1100000     -1.6580610     0.88625056     0.86991600     0.63349440     0.86991600          10000         440247
      2.1200000     -1.6483020     0.98105169     0.86357150     0.86598432     0.86357150          10000         453787
      2.1300000     -1.6401390     0.98176382     0.85963400     0.88892508     0.85963400          10000         465070
      2.1400000     -1.6225160      1.1084330     0.84390850      1.8390208     0.84392950          10000         489686
      2.1500000     -1.6049610      1.1824821    -0.72809350      1.7213264     0.83171550          10000         515785
      2.1600000     -1.6009380      1.2198920     0.82927900      1.7876019     0.82927900          10000         520674
      2.1700000     -1.5875860      1.2771452     0.81937050      2.6388157     0.81950250          10000         541206
      2.1800000     -1.5837680      1.0986198     0.82455250      1.2950426     0.82455250          10000         548320
      2.1900000     -1.5548350      1.2730271     0.79769400      2.3265192     0.79769400          10000         588037
      2.2000000     -1.5417690      1.3988397    -0.17726000      3.4035160     0.78100600          10000         607994
      2.2100000     -1.5359620      1.3906836     0.77739800      3.3360073     0.77740100          10000         617878
      2.2200000     -1.5268710      1.3388085     0.24705100      2.5302387     0.78199000          10000         630619
      2.2300000     -1.5069420      1.4166823     0.12789050      5.2874042     0.74685050          10000         660225
      2.2400000     -1.4900220      1.5047911     0.13124200      4.2062213     0.74279300          10000         685122
      2.2500000     -1.4893340      1.3229129    -0.45188650      3.0805425     0.75321650          10000         685508
      2.2600000     -1.4698960      1.4733064    0.033788000      4.2860553     0.72823300          10000         715325
      2.2700000     -1.4406030      1.7510176     0.53764050      6.8794035     0.68356550          10000         760280
      2.2800000     -1.4197450      1.7451681     0.21558200      7.8252375     0.66034100          10000         789963
      2.2900000     -1.4097280      1.7109564   -0.028328000      7.8784211     0.65019800          10000         804828
      2.3000000     -1.3969100      1.7225854     0.40867650      8.3379326     0.63544750          10000         826700
      2.3100000     -1.3751650      1.6139902     0.20865050      7.5074222     0.62212350          10000         860148
      2.3200000     -1.3705290      1.6646173    -0.19295050      7.3857361     0.61929050          10000         868121
      2.3300000     -1.3423190      1.6812314     0.27953300      8.5374604     0.57529700          10000         911595
      2.3400000     -1.3348430      1.6339773   -0.013901500      7.9916822     0.57925050          10000         922788
      2.3500000     -1.2905230      1.5666829     0.10292850      10.203205     0.48896350          10000         988963
      2.3600000     -1.2792970      1.5216185   -0.073519000      9.3565951     0.49265500          10000        1007505
      2.3700000     -1.2750910      1.6184608    0.031940000      9.9468380     0.49072800          10000        1015517
      2.3800000     -1.2801040      1.5085834   -0.014677500      8.3182373     0.51913650          10000        1010488
      2.3900000     -1.2470880      1.4976475    -0.11309200      9.5034642     0.45788900          10000        1059783
      2.4000000     -1.2220550      1.4418852    0.040350500      9.9134260     0.40996050          10000        1098964
      2.4100000     -1.2356470      1.3939513    -0.16543400      8.6612083     0.46454200          10000        1081962
      2.4200000     -1.2066050      1.3192858    -0.19309450      8.7557622     0.41079150          10000        1123970
      2.4300000     -1.1926480      1.1709277   -0.013974000      7.4425949     0.39969800          10000        1149283
      2.4400000     -1.1839160      1.2400608    0.010023000      7.9603412     0.38052800          10000        1164172
      2.4500000     -1.1852510      1.2156386   -0.039328500      7.3993964     0.41515750          10000        1164746
      2.4600000     -1.1632050      1.0951350    -0.11688050      7.3250400     0.37410750          10000        1197975
      2.4700000     -1.1497320      1.1167905  -0.0081475000      7.4518348     0.34468750          10000        1220753
      2.4800000     -1.1373870      1.0614713    0.034606500      7.0391519     0.33814650          10000        1241436
      2.4900000     -1.1369870      1.1541460    -0.15602750      7.3880413     0.35577150          10000        1246878
      2.5000000     -1.1263990      1.0373224    0.056971000      6.9551973     0.33198800          10000        1261889
      2.5100000     -1.1116060     0.99006560   -0.053696500      6.0440280     0.31863550          10000        1286288
      2.5200000     -1.0993970     0.94579279    0.045080000      6.0591855     0.29266300          10000        1306882
      2.5300000     -1.0998550     0.96878932   -0.047865500      6.0333660     0.32034250          10000        1307343
      2.5400000     -1.0881690     0.93420903    0.023527500      6.0319259     0.29941850          10000        1328931
      2.5500000     -1.0757380     0.86052167   0.0079575000      5.4781839     0.27871150          10000        1347646
      2.5600000     -1.0658310     0.87830380   -0.019920000      5.5980469     0.26853200          10000        1366309
      2.5700000     -1.0548700     0.82469458   -0.019012000      5.1281691     0.27321300          10000        1383148
      2.5800000     -1.0419550     0.79933105   -0.030239000      4.2814495     0.25166000          10000        1405169
      2.5900000     -1.0435040     0.83411052  -0.0075415000      4.9027422     0.26590650          10000        1404659
      2.6000000     -1.0332840     0.74302339  -0.0067095000      4.1857481     0.24856650          10000        1425306
      2.6100000     -1.0259650     0.72822823   -0.024091000      4.1432546     0.23378400          10000        1437390
      2.6200000     -1.0110270     0.69748006   -0.027784500      3.8814736     0.22795050          10000        1461317
      2.6300000     -1.0073820     0.72740598   -0.061494500      3.9248431     0.22332850          10000        1471831
      2.6400000     -1.0013230     0.66870636    0.043893000      3.5592250     0.22054300          10000        1482817
      2.6500000    -0.99476100     0.69325869   -0.031629000      3.6265032     0.22345200          10000        1490364
      2.6600000    -0.98523200     0.63954922   0.0090665000      3.3979401     0.20900950          10000        1511992
      2.6700000    -0.98606900     0.65385893    0.026527000      3.3760665     0.21538200          10000        1512044
      2.6800000    -0.97895600     0.62811038   0.0042995000      3.3045564     0.20729550          10000        1526516
      2.6900000    -0.97732500     0.63337734 -0.00050750000      3.3855510     0.21614550          10000        1529287
      2.7000000    -0.96773400     0.65305159   -0.024443000      3.1752639     0.20371600          10000        1544646
      2.7100000    -0.95947600     0.57583015   0.0066815000      3.0899653     0.19355850          10000        1561882
      2.7200000    -0.95908600     0.61470505    0.037827500      3.1018013     0.20242150          10000        1563966
      2.7300000    -0.94550800     0.57613342  -0.0033735000      2.6124834     0.19209250          10000        1585368
      2.7400000    -0.94330300     0.58499761   -0.018658500      2.9298409     0.19854650          10000        1590979
      2.7500000    -0.93588800     0.57133442    0.013109500      2.7528265     0.19204950          10000        1603355
      2.7600000    -0.93250700     0.55156716  -0.0062475000      2.6038252     0.18405750          10000        1613344
      2.7700000    -0.92395000     0.55030862  -0.0046445000      2.3745592     0.17717250          10000        1626852
      2.7800000    -0.91832900     0.54012824  -0.0099380000      2.2532408     0.17609600          10000        1639451
      2.7900000    -0.91140800     0.53564253    0.013293000      2.4006585     0.17579200          10000        1654259
      2.8000000    -0.91080700     0.50480198    0.022051000      2.1142280     0.16829000          10000        1655853
      2.8100000    -0.90136200     0.51717911   0.0095455000      2.2100869     0.17008250          10000        1672529
      2.8200000    -0.89572200     0.52252194   -0.015196000      2.1209379     0.16945900          10000        1683404
      2.8300000    -0.89434700     0.52271716  -0.0054000000      2.0847961     0.16816900          10000        1688052
      2.8400000    -0.88811200     0.49943838  -0.0077675000      1.8690156     0.15346650          10000        1701571
      2.8500000    -0.88521600     0.48743285    0.010699000      1.9901722     0.16063500          10000        1706958
      2.8600000    -0.87918400     0.48155774    0.010914000      1.9110626     0.15004800          10000        1718990
      2.8700000    -0.87609500     0.48278168   0.0052455000      1.8392929     0.15646150          10000        1724206
      2.8800000    -0.87038200     0.46503733    0.022641000      1.7263886     0.15166200          10000        1737204
      2.8900000    -0.86463400     0.47050902   0.0074870000      1.7911540     0.15495000          10000        1748694
      2.9000000    -0.85985800     0.46861069  -0.0029135000      1.7819437     0.15289150          10000        1756702
      2.9100000    -0.85351600     0.45351650    0.018738000      1.5697978     0.14336100          10000        1768508
      2.9200000    -0.85057900     0.44515832  -0.0042940000      1.6078121     0.14356600          10000        1774209
      2.9300000    -0.84768200     0.44479059   0.0078215000      1.6457311     0.14511050          10000        1779364
      2.9400000    -0.84317100     0.43205862 -0.00043650000      1.5630188     0.14554250          10000        1790804
      2.9500000    -0.83927200     0.43505521   0.0023075000      1.5851279     0.14633750          10000        1799371
      2.9600000    -0.83431000     0.42702264   0.0020645000      1.4739045     0.14054250          10000        1810649
      2.9700000    -0.83324500     0.41402669  -0.0013480000      1.4358078     0.13615400          10000        1813251
      2.9800000    -0.82749900     0.41561529   0.0020210000      1.4838117     0.14021800          10000        1821732
      2.9900000    -0.82108800     0.41453837    0.010694500      1.4417930     0.13403850          10000        1836341
      3.0000000    -0.81688800     0.40566913  0.00078900000      1.3931365     0.13836100          10000        1844987
