      T:            <E>/L^2:     Evariance/T^2:  <M>/L^2:      Mvariance/T:     <|M|>/L^2:    MCcycles:     Accept:
      1.0000000     -1.9980000    0.014400000     0.99950000  0.00090000000     0.99950000             10              1
      1.0000000     -2.0000000      0.0000000      1.0000000      0.0000000      1.0000000             11              0
      1.0000000     -2.0000000      0.0000000      1.0000000      0.0000000      1.0000000             12              2
      1.0000000     -1.9938462    0.034082840     0.99846154   0.0021301775     0.99846154             13              2
      1.0000000     -2.0000000      0.0000000      1.0000000      0.0000000      1.0000000             14              6
      1.0000000     -1.9987500   0.0093750000     0.99968750  0.00058593750     0.99968750             16              3
      1.0000000     -1.9976471    0.016608997     0.99941176   0.0010380623     0.99941176             17              8
      1.0000000     -1.9989474   0.0079778393     0.99973684  0.00049861496     0.99973684             19              6
      1.0000000     -1.9980952    0.013786848     0.99952381  0.00086167800     0.99952381             21              5
      1.0000000     -1.9973913    0.018147448     0.99934783   0.0011342155     0.99934783             23              6
      1.0000000     -2.0000000      0.0000000      1.0000000      0.0000000      1.0000000             25              0
      1.0000000     -1.9992857   0.0055102041     0.99982143  0.00034438776     0.99982143             28              4
      1.0000000     -2.0000000      0.0000000      1.0000000      0.0000000      1.0000000             31              2
      1.0000000     -1.9950000    0.052352941     0.99867647   0.0037110727     0.99867647             34             26
      1.0000000     -1.9967568    0.030387144     0.99918919   0.0018991965     0.99918919             37             14
      1.0000000     -1.9970732    0.019988102     0.99926829   0.0012492564     0.99926829             41             14
      1.0000000     -1.9964444    0.030498765     0.99911111   0.0019061728     0.99911111             45             18
      1.0000000     -1.9984000    0.011776000     0.99960000  0.00073600000     0.99960000             50             18
      1.0000000     -1.9927273    0.079206612     0.99809091   0.0056330579     0.99809091             55             22
      1.0000000     -1.9949180    0.041472722     0.99860656   0.0033216877     0.99860656             61             22
      1.0000000     -1.9985075    0.011049231     0.99962687  0.00069057697     0.99962687             67             16
      1.0000000     -1.9958108    0.049737034     0.99891892   0.0035865595     0.99891892             74             35
      1.0000000     -1.9992593   0.0057064472     0.99981481  0.00035665295     0.99981481             81             18
      1.0000000     -1.9980899    0.015169802     0.99949438   0.0011336952     0.99949438             89             20
      1.0000000     -1.9963265    0.030520616     0.99908163   0.0019075385     0.99908163             98             42
      1.0000000     -1.9957407    0.034965706     0.99879630   0.0033093278     0.99879630            108             40
      1.0000000     -1.9978151    0.015569522     0.99945378  0.00097309512     0.99945378            119             31
      1.0000000     -1.9964122    0.029354933     0.99908397   0.0019544316     0.99908397            131             48
      1.0000000     -1.9960417    0.028454861     0.99899306   0.0018860918     0.99899306            144             50
      1.0000000     -1.9982278    0.012921006     0.99955696  0.00080756289     0.99955696            158             44
      1.0000000     -1.9980460    0.015484212     0.99948276   0.0011573524     0.99948276            174             44
      1.0000000     -1.9969634    0.021861243     0.99921466   0.0015334009     0.99921466            191             58
      1.0000000     -1.9978673    0.015810966     0.99945498   0.0010660138     0.99945498            211             45
      1.0000000     -1.9977586    0.017300832     0.99943966   0.0010813020     0.99943966            232             68
      1.0000000     -1.9971373    0.023859131     0.99927451   0.0015541715     0.99927451            255             80
      1.0000000     -1.9978648    0.017535745     0.99946619   0.0010959841     0.99946619            281             78
      1.0000000     -1.9970874    0.024050020     0.99927184   0.0015031263     0.99927184            309             92
      1.0000000     -1.9972353    0.022824913     0.99930882   0.0014265571     0.99930882            340             96
      1.0000000     -1.9977540    0.016591838     0.99942513   0.0011244960     0.99942513            374             98
      1.0000000     -1.9973966    0.019965309     0.99934307   0.0012872289     0.99934307            411            120
      1.0000000     -1.9967920    0.024467656     0.99918142   0.0016346229     0.99918142            452            148
      1.0000000     -1.9968813    0.025002814     0.99920523   0.0016588060     0.99920523            497            154
      1.0000000     -1.9970567    0.024395790     0.99924132   0.0016893208     0.99924132            547            174
      1.0000000     -1.9967110    0.029958610     0.99916113   0.0019942661     0.99916113            602            224
      1.0000000     -1.9972356    0.023348180     0.99928248   0.0016822820     0.99928248            662            200
      1.0000000     -1.9968407    0.023809624     0.99920330   0.0015318198     0.99920330            728            212
      1.0000000     -1.9970412    0.023514427     0.99925094   0.0015483455     0.99925094            801            236
      1.0000000     -1.9970261    0.021524813     0.99924518   0.0014179532     0.99924518            881            286
      1.0000000     -1.9964845    0.028252482     0.99910825   0.0018571687     0.99910825            970            311
      1.0000000     -1.9973383    0.021533594     0.99932052   0.0014366937     0.99932052           1067            286
      1.0000000     -1.9972293    0.021584079     0.99928815   0.0014938125     0.99928815           1173            364
      1.0000000     -1.9973586    0.022770860     0.99932610   0.0015534346     0.99932610           1291            342
      1.0000000     -1.9974366    0.021596985     0.99935211   0.0013954771     0.99935211           1420            368
      1.0000000     -1.9972151    0.024016831     0.99928617   0.0016335676     0.99928617           1562            424
      1.0000000     -1.9971187    0.022732893     0.99926368   0.0015235282     0.99926368           1718            497
      1.0000000     -1.9973280    0.020445844     0.99932540   0.0013259007     0.99932540           1890            540
      1.0000000     -1.9970611    0.025308945     0.99924483   0.0017343688     0.99924483           2079            626
      1.0000000     -1.9974421    0.024055282     0.99933756   0.0016740540     0.99933756           2287            644
      1.0000000     -1.9971463    0.023578724     0.99927266   0.0015769410     0.99927266           2516            722
      1.0000000     -1.9973483    0.022447438     0.99932984   0.0014569155     0.99932984           2768            734
      1.0000000     -1.9975427    0.021421741     0.99937418   0.0014234968     0.99937418           3044            754
      1.0000000     -1.9970469    0.026908766     0.99924007   0.0018502218     0.99924007           3349            952
      1.0000000     -1.9970955    0.024052374     0.99925760   0.0016335002     0.99925760           3684           1146
      1.0000000     -1.9971594    0.023001482     0.99927443   0.0015613851     0.99927443           4052           1147
      1.0000000     -1.9971326    0.022988973     0.99926744   0.0015600813     0.99926744           4457           1270
      1.0000000     -1.9974403    0.021225886     0.99934836   0.0014148892     0.99934836           4903           1326
      1.0000000     -1.9974416    0.020162707     0.99935113   0.0013295482     0.99935113           5394           1541
      1.0000000     -1.9972375    0.022155563     0.99929462   0.0014881509     0.99929462           5933           1703
      1.0000000     -1.9972740    0.021796146     0.99930892   0.0014301698     0.99930892           6526           1836
      1.0000000     -1.9969884    0.026081072     0.99922343   0.0018356662     0.99922343           7179           2130
      1.0000000     -1.9972243    0.023176185     0.99928644   0.0016464013     0.99928644           7897           2284
      1.0000000     -1.9972626    0.023488158     0.99929838   0.0016230509     0.99929838           8687           2457
      1.0000000     -1.9972287    0.022815922     0.99929461   0.0015215352     0.99929461           9555           2759
      1.0000000     -1.9971516    0.023865192     0.99927314   0.0016001069     0.99927314          10511           3100
      1.0000000     -1.9970913    0.024476096     0.99925705   0.0016456686     0.99925705          11562           3314
      1.0000000     -1.9972055    0.023044024     0.99928409   0.0015664916     0.99928409          12718           3626
      1.0000000     -1.9970250    0.024891529     0.99923803   0.0017005681     0.99923803          13990           4174
      1.0000000     -1.9972129    0.023314398     0.99928553   0.0015964491     0.99928553          15389           4376
      1.0000000     -1.9972058    0.023427102     0.99928787   0.0015664042     0.99928787          16928           4820
      1.0000000     -1.9971715    0.022828451     0.99927958   0.0015200155     0.99927958          18621           5488
      1.0000000     -1.9970738    0.024229728     0.99925478   0.0016197868     0.99925478          20484           5954
      1.0000000     -1.9971410    0.023937872     0.99927148   0.0015989056     0.99927148          22532           6398
      1.0000000     -1.9972411    0.022819360     0.99929554   0.0015339949     0.99929554          24785           7146
      1.0000000     -1.9970595    0.023972411     0.99924974   0.0016098665     0.99924974          27264           8007
      1.0000000     -1.9971904    0.022720411     0.99928393   0.0015204715     0.99928393          29990           8644
      1.0000000     -1.9970993    0.023982970     0.99925990   0.0016145452     0.99925990          32989           9604
      1.0000000     -1.9971963    0.023088111     0.99928337   0.0015607263     0.99928337          36288          10436
      1.0000000     -1.9972333    0.022368827     0.99929479   0.0014975900     0.99929479          39917          11416
      1.0000000     -1.9972051    0.023186257     0.99928728   0.0015547637     0.99928728          43909          12634
      1.0000000     -1.9971273    0.023552107     0.99926832   0.0015692963     0.99926832          48300          14075
      1.0000000     -1.9971442    0.023596353     0.99927028   0.0015950218     0.99927028          53130          15244
      1.0000000     -1.9970775    0.024178335     0.99925577   0.0016104905     0.99925577          58443          17174
      1.0000000     -1.9971901    0.023046773     0.99928384   0.0015392091     0.99928384          64287          18472
      1.0000000     -1.9971134    0.023899852     0.99926268   0.0016155120     0.99926268          70716          20778
      1.0000000     -1.9971045    0.023846417     0.99926099   0.0016074320     0.99926099          77787          23004
      1.0000000     -1.9971680    0.023193128     0.99927728   0.0015574279     0.99927728          85566          24722
      1.0000000     -1.9971854    0.023248525     0.99928083   0.0015748316     0.99928083          94123          27224
      1.0000000     -1.9971539    0.023628116     0.99927368   0.0015976449     0.99927368         103535          30134
      1.0000000     -1.9971649    0.023383699     0.99927723   0.0015675986     0.99927723         113889          32884
      1.0000000     -1.9971424    0.023515584     0.99927014   0.0015887563     0.99927014         125278          36860
      1.0000000     -1.9971714    0.023394645     0.99927837   0.0015725367     0.99927837         137806          39800
      1.0000000     -1.9971749    0.023223354     0.99927972   0.0015594600     0.99927972         151586          44052
      1.0000000     -1.9971869    0.023223869     0.99928277   0.0015604607     0.99928277         166745          47840
      1.0000000     -1.9971702    0.023446589     0.99927764   0.0015784964     0.99927764         183419          52868
      1.0000000     -1.9971734    0.023138545     0.99928039   0.0015396816     0.99928039         201761          58494
      1.0000000     -1.9971460    0.023479622     0.99927288   0.0015698734     0.99927288         221938          64610
      1.0000000     -1.9971432    0.023594041     0.99927090   0.0015873437     0.99927090         244131          70766
      1.0000000     -1.9971563    0.023291184     0.99927494   0.0015621582     0.99927494         268545          77650
      1.0000000     -1.9971774    0.023244024     0.99928036   0.0015573101     0.99928036         295399          85474
