      T:            <E>/L^2:     Evariance/T^2:  <M>/L^2:      Mvariance/T:     <|M|>/L^2:    MCcycles:     Accept:
      2.4000000     -1.5250000      1.0239583     0.82600000     0.48816667     0.82600000             10            665
      2.4000000     -1.5581818      2.3129017     0.84000000      1.2189394     0.84000000             11            656
      2.4000000     -1.4950000      2.2806713     0.78083333      1.6908565     0.78083333             12            832
      2.4000000     -1.5507692      1.2259204     0.83692308     0.39585799     0.83692308             13            826
      2.4000000     -1.5507143     0.90919076     0.84571429     0.33741497     0.84571429             14            889
      2.4000000     -1.6275000     0.91189236     0.87093750     0.44282227     0.87093750             16            813
      2.4000000     -1.5517647     0.71424452     0.84588235     0.37854671     0.84588235             17            967
      2.4000000     -1.3768421      1.2105648     0.73368421     0.81308864     0.73368421             19           1602
      2.4000000     -1.5342857     0.72656841     0.77761905      1.1427060     0.77761905             21           1350
      2.4000000     -1.4686957      2.7556186     0.77130435      2.6931947     0.77130435             23           1715
      2.4000000     -1.4116000      1.4726000     0.73560000      1.8711067     0.73560000             25           2039
      2.4000000     -1.4260714      2.7967953     0.75107143      2.5087372     0.75107143             28           2221
      2.4000000     -1.4041935      1.1083218     0.74645161     0.86644988     0.74645161             31           2562
      2.4000000     -1.4488235     0.95292676     0.77735294     0.65594002     0.77735294             34           2556
      2.4000000     -1.3286486      2.7395504     0.67324324      3.4426163     0.67324324             37           3412
      2.4000000     -1.3478049      1.6831003     0.67097561      2.4797194     0.67097561             41           3657
      2.4000000     -1.4088889      1.3905007     0.71966667      1.3834074     0.71966667             45           3721
      2.4000000     -1.3524000      1.7340444     0.70100000      1.7241667     0.70100000             50           4379
      2.4000000     -1.4338182      1.5342149     0.73872727      1.9938209     0.73872727             55           4378
      2.4000000     -1.4690164     0.87379438     0.76991803     0.53968467     0.76991803             61           4549
      2.4000000     -1.2508955      1.5418183     0.49776119      3.8607318     0.49776119             67           7163
      2.4000000     -1.4105405      1.6901073     0.70851351      3.6052624     0.70851351             74           5941
      2.4000000     -1.3995062      1.5495372     0.66617284      7.8686303     0.67234568             81           6752
      2.4000000     -1.3526966      1.2632278     0.68022472      1.8305159     0.68022472             89           8074
      2.4000000     -1.2919388      2.3244980     0.40857143      14.692619     0.42265306             98           9710
      2.4000000     -1.2880556      1.4282997     0.54402778      3.3565940     0.54402778            108          10756
      2.4000000     -1.3605882      1.8828541     0.66743697      3.2417973     0.66743697            119          10492
      2.4000000     -1.3041221      1.8555842     0.58114504      4.8670207     0.58114504            131          12879
      2.4000000     -1.1755556      1.5491684     0.27788194      7.1143131     0.31413194            144          16791
      2.4000000     -1.4093671     0.85431466     0.73025316      1.3740400     0.73025316            158          12995
      2.4000000     -1.2792529      2.1322649     0.51163793      8.3682071     0.51163793            174          17752
      2.4000000     -1.2484817      1.6237855     0.12157068      7.5666897     0.47219895            191          20579
      2.4000000     -1.3023697      1.3674352     0.61703791      4.1346554     0.61703791            211          20645
      2.4000000     -1.3228017     0.99661125     0.64286638      2.0125135     0.64286638            232          21916
      2.4000000     -1.1549020      1.5228683     0.19786275      10.552206     0.26331373            255          30783
      2.4000000     -1.1836299      1.3103246     0.10708185      8.0451589     0.25672598            281          32481
      2.4000000     -1.2669256      1.5125807     0.46640777      10.081157     0.46773463            309          31960
      2.4000000     -1.2664412      1.5123762     0.51013235      7.9366010     0.51016176            340          35280
      2.4000000     -1.2347594     0.95516346     0.45098930      5.0080609     0.45168449            374          40343
      2.4000000     -1.3257421      1.7994135     0.61850365      5.4586075     0.61884428            411          39106
      2.4000000     -1.1759956      1.4399662    0.062179204      8.2460058     0.28120575            452          53345
      2.4000000     -1.2192958      1.1802836     0.45376258      6.2655360     0.45583501            497          54772
      2.4000000     -1.2330713      1.4597857     0.44649909      8.9747994     0.45024680            547          59159
      2.4000000     -1.2860797      1.3350808     0.56044020      6.1723754     0.56276578            602          60236
      2.4000000     -1.2109668      1.7071355    -0.14485650      8.6247791     0.40234894            662          73375
      2.4000000     -1.2153984      1.5908009   -0.099436813      10.460225     0.42050824            728          80301
      2.4000000     -1.2764170      1.7198308    -0.15941323      8.4832207     0.52069913            801          81804
      2.4000000     -1.2317140      1.1600385   0.0017480136      7.2619563     0.45742338            881          95338
      2.4000000     -1.2688763      1.6320071     0.21444330      7.0022182     0.53789691            970          99716
      2.4000000     -1.2074414      1.3427389    -0.12259606      8.5702742     0.38453608           1067         119837
      2.4000000     -1.2286786      1.4450395    -0.29971867      8.8244684     0.43981245           1173         126957
      2.4000000     -1.2419675      1.3927082     0.47493029      6.8059974     0.48898916           1291         137336
      2.4000000     -1.1970634      1.4137742   -0.012637324      8.5702765     0.38138380           1420         161530
      2.4000000     -1.2029449      1.2617306     0.12305378      9.2461615     0.36615237           1562         176118
      2.4000000     -1.2489697      1.5966271     0.21788708      8.5079716     0.47697905           1718         181597
      2.4000000     -1.2686931      1.5949615    -0.29375397      8.6189825     0.52733598           1890         194497
      2.4000000     -1.2547571      1.4550950    -0.16966811      8.9796288     0.48911977           2079         218003
      2.4000000     -1.1943419      1.1977477    -0.17057936      8.6431816     0.37631613           2287         260640
      2.4000000     -1.2715779      1.5945901     0.32724563      8.8219348     0.50459062           2516         258912
      2.4000000     -1.2632081      1.3681688    -0.33641618      6.6593734     0.52478685           2768         287772
      2.4000000     -1.2261991      1.3018671    0.079044021      8.9989017     0.42739488           3044         331895
      2.4000000     -1.2499552      1.4350199    -0.16320245      8.6922446     0.46714691           3349         355157
      2.4000000     -1.2287459      1.3059289    0.044117807      8.0225162     0.44848534           3684         399435
      2.4000000     -1.2510637      1.4464790    0.065338105      8.3316790     0.48136229           4052         428206
      2.4000000     -1.2488221      1.3623874     0.32567310      6.9436398     0.49886807           4457         472121
      2.4000000     -1.2409504      1.4683693    0.037093616      9.1517320     0.46306955           4903         524030
      2.4000000     -1.2286763      1.2735904   -0.086924360      9.1476227     0.42922506           5394         587540
      2.4000000     -1.2105697      1.3689870     0.11558486      8.6353941     0.40925249           5933         663084
      2.4000000     -1.2382884      1.3084902     0.10103432      7.7798152     0.46193380           6526         700422
      2.4000000     -1.2525533      1.5135358     0.10846706      8.0042736     0.49371152           7179         756722
      2.4000000     -1.2261998      1.4278124    -0.18296188      9.7865094     0.42200076           7897         864354
      2.4000000     -1.2449050      1.3240210   -0.058584667      8.0655167     0.47448659           8687         924397
      2.4000000     -1.2193721      1.4198619     0.14399686      9.2275196     0.41071272           9555        1056271
      2.4000000     -1.2370583      1.3884690     0.19003901      8.2277239     0.46082866          10511        1131285
      2.4000000     -1.2219478      1.3989262    0.034942052      8.5167616     0.43534942          11562        1269853
      2.4000000     -1.2377245      1.4781245     0.10022252      8.9308884     0.45446690          12718        1367850
      2.4000000     -1.2292030      1.4040615     0.12762509      9.2835456     0.43195104          13990        1524081
      2.4000000     -1.2156326      1.2378339   -0.085127039      8.3376253     0.40681916          15389        1705828
      2.4000000     -1.2450165      1.3702175    0.052174208      8.1671190     0.47759659          16928        1802027
      2.4000000     -1.2380968      1.3767914    0.054529026      8.4780625     0.45647736          18621        2004521
      2.4000000     -1.2381869      1.3823644    -0.12435559      8.5542418     0.45745850          20484        2204066
      2.4000000     -1.2382105      1.3780353  -0.0077971330      8.7034261     0.45556120          22532        2424624
      2.4000000     -1.2462970      1.4279126   -0.029164414      8.5425636     0.47445552          24785        2637585
      2.4000000     -1.2448764      1.4239875   -0.078376797      8.5102095     0.46992353          27264        2907388
      2.4000000     -1.2512734      1.5372765   -0.084070524      9.2911928     0.48308486          29990        3165692
      2.4000000     -1.2402555      1.3823062   -0.040314650      8.6252177     0.46275183          32989        3534878
      2.4000000     -1.2353938      1.4173123   -0.018641975      8.6799435     0.45035246          36288        3924188
      2.4000000     -1.2320084      1.3910706     0.11218290      8.6759624     0.44756758          39917        4327569
      2.4000000     -1.2343467      1.4025177    0.058659842      8.7958891     0.44773224          43909        4749513
      2.4000000     -1.2372573      1.3543061   -0.048420807      8.4556464     0.45536677          48300        5199368
      2.4000000     -1.2348746      1.3773540   -0.025468568      8.6988098     0.45194758          53130        5740981
      2.4000000     -1.2425418      1.4497938   -0.025128074      9.0402174     0.46277159          58443        6246925
      2.4000000     -1.2352966      1.3684408    0.031961516      8.6827990     0.45091543          64287        6938358
      2.4000000     -1.2362368      1.4123243   -0.014633463      8.7975370     0.45313833          70716        7628752
      2.4000000     -1.2350313      1.4328462   -0.021274892      8.9439908     0.45138558          77787        8401490
      2.4000000     -1.2404577      1.4612118     0.10213145      9.0686426     0.45887806          85566        9168777
      2.4000000     -1.2372249      1.3991882   -0.052745397      8.8431354     0.45255001          94123       10134309
      2.4000000     -1.2366569      1.4025222    0.017690926      8.7377266     0.45390052         103535       11163850
      2.4000000     -1.2332118      1.3953268    0.027284725      8.8327779     0.44612324         113889       12333499
      2.4000000     -1.2324628      1.3867133    0.039748120      8.8360382     0.44461865         125278       13585416
      2.4000000     -1.2365639      1.4007174   -0.026176037      8.7691818     0.45227664         137806       14855123
      2.4000000     -1.2358797      1.3924460   -0.033734052      8.7900124     0.45148642         151586       16352108
      2.4000000     -1.2368691      1.4273870    0.028464542      8.8125485     0.45526085         166745       17971241
      2.4000000     -1.2338423      1.4137326    0.013440483      8.9666066     0.44389758         183419       19854203
      2.4000000     -1.2393736      1.4200992   -0.029428755      8.9251434     0.45653667         201761       21665676
      2.4000000     -1.2354374      1.4061356    0.024323933      8.9215449     0.45012087         221938       23968075
      2.4000000     -1.2397875      1.4424010   0.0047254753      8.9825227     0.45951942         244131       26198031
      2.4000000     -1.2376033      1.4209175  -0.0064400380      8.7906886     0.45674889         268545       28904017
      2.4000000     -1.2339243      1.4091419   0.0092169574      8.9888938     0.44537087         295399       31960479
