      2.2000000     -1.5449205      1.4818672     0.57621654      5.5142608     0.78176786
      2.2010000     -1.5471502      1.3730677     0.78718026      3.5713900     0.78718026
      2.2020000     -1.5396807      1.6391233     0.74148188      11.051350     0.76479655
      2.2030000     -1.5445498      1.3394377     0.78787193      3.1852126     0.78787193
      2.2040000     -1.5431798      1.4236859     0.78306068      4.9547506     0.78306108
      2.2050000     -1.5390012      1.4365452     0.77923026      4.5501850     0.77923039
      2.2060000     -1.5400336      1.4344723     0.41416834      4.5508686     0.78085769
      2.2070000     -1.5373946      1.4659487     0.77827930      4.2486549     0.77827930
      2.2080000     -1.5325422      1.6491203     0.76213300      10.385628     0.76271385
      2.2090000     -1.5348577      1.4641735     0.61405280      5.9299871     0.77364053
      2.2100000     -1.5308092      1.5956409     0.76320047      8.6924569     0.76374253
      2.2110000     -1.5302301      1.5121930     0.76876857      5.5595726     0.76876857
      2.2120000     -1.5291740      1.4606862     0.76934006      5.3892998     0.76934361
      2.2130000     -1.5285896      1.5617631     0.76499081      7.9455804     0.76581084
      2.2140000     -1.5284164      1.4317077     0.77217445      3.9057163     0.77217445
      2.2150000     -1.5242105      1.5142599     0.56729945      5.7058302     0.76415685
      2.2160000     -1.5271850      1.4771661     0.76942605      5.2888760     0.76944453
      2.2170000     -1.5242118      1.5196103     0.76496798      5.4507898     0.76496798
      2.2180000     -1.5239427      1.5011226     0.69185383      5.4810467     0.76617213
      2.2190000     -1.5172843      1.5967709     0.59805865      8.3499192     0.75268393
      2.2200000     -1.5203564      1.5164631     0.76171198      6.1772183     0.76172610
      2.2210000     -1.5178968      1.5561620     0.76005375      5.8761139     0.76005842
      2.2220000     -1.5107586      1.6447181     0.70122638      9.2033263     0.74514093
      2.2230000     -1.5133890      1.5735862     0.75321486      6.7221351     0.75321486
      2.2240000     -1.5056867      1.7047829     0.50345458      10.656835     0.73549635
      2.2250000     -1.5130785      1.5481218     0.43301654      7.8636415     0.75252114
      2.2260000     -1.5090022      1.5732758     0.68088673      6.6324873     0.74928270
      2.2270000     -1.5076138      1.5307043     0.75007569      6.2750464     0.75007569
      2.2280000     -1.5032678      1.6009246     0.33839260      7.9833035     0.73893883
      2.2290000     -1.5079471      1.4180106     0.75401444      4.5337789     0.75401444
      2.2300000     -1.5042740      1.5645915     0.74700130      6.1764547     0.74700130
      2.2310000     -1.4979459      1.6917024     0.53419486      10.962706     0.72907954
      2.2320000     -1.4976418      1.6958751     0.73274960      9.3247681     0.73288248
      2.2330000     -1.4963980      1.7115358     0.29986200      12.819013     0.72656135
      2.2340000     -1.4916034      1.8271182   -0.029567575      15.792629     0.71535498
      2.2350000     -1.4977016      1.5912430     0.73582115      8.7247955     0.73583630
      2.2360000     -1.4932869      1.6792940     0.40942324      9.4359131     0.73066226
      2.2370000     -1.4879428      1.7039172     0.71739559      11.167084     0.71954851
      2.2380000     -1.4883242      1.7249400     0.72384545      9.6175612     0.72384742
      2.2390000     -1.4868080      1.6032014     0.56526423      8.0001917     0.72652065
      2.2400000     -1.4867831      1.6333849     0.58379831      7.6974971     0.72572194
      2.2410000     -1.4797006      1.8521146     0.20545839      16.606469     0.70133106
      2.2420000     -1.4814349      1.7454181     0.53423537      11.135366     0.71445880
      2.2430000     -1.4714346      1.9165082     0.32255435      19.134772     0.68416575
      2.2440000     -1.4796333      1.7468177     0.42502253      11.499530     0.71153973
      2.2450000     -1.4793219      1.7869754     0.50158404      11.883336     0.71269881
      2.2460000     -1.4785611      1.7188919     0.29731641      10.261924     0.71500924
      2.2470000     -1.4652618      1.8614568     0.67870291      15.175134     0.68320564
      2.2480000     -1.4674677      1.7967062     0.42977801      13.300088     0.69239139
      2.2490000     -1.4646585      1.9196582     0.31012676      14.570931     0.68775941
      2.2500000     -1.4632561      1.9027765    0.041788138      19.344794     0.67828961
      2.2510000     -1.4660920      1.8189649     0.54540659      12.489096     0.69499614
      2.2520000     -1.4632083      1.8740376     0.16017508      15.902957     0.68717283
      2.2530000     -1.4561335      1.8612819     0.43336089      15.665667     0.67456239
      2.2540000     -1.4604722      1.8652908     0.45528823      16.387642     0.68278535
      2.2550000     -1.4539611      1.9360389     0.61627779      18.139338     0.66773059
      2.2560000     -1.4567350      1.8703370     0.36281038      16.491922     0.67811933
      2.2570000     -1.4558330      1.8074639   -0.066417013      14.843478     0.67887399
      2.2580000     -1.4508296      1.8844857     0.28801603      17.002637     0.66696965
      2.2590000     -1.4517004      1.8163448    0.093727888      14.475284     0.67575736
      2.2600000     -1.4508584      1.7886727     0.14972265      13.410148     0.67925985
      2.2610000     -1.4474059      1.9036954     0.16723398      17.392895     0.66324805
      2.2620000     -1.4454915      1.8754698     0.34217456      17.555604     0.66258774
      2.2630000     -1.4416296      1.9343783     0.34612898      18.107551     0.65607647
      2.2640000     -1.4418114      1.9826585     0.25660720      19.534510     0.65732652
      2.2650000     -1.4356286      1.9995306    -0.17906078      20.267268     0.64226030
      2.2660000     -1.4331042      2.0229158    0.079617713      23.505161     0.63007899
      2.2670000     -1.4350207      1.9098049     0.26195860      19.181041     0.64787115
      2.2680000     -1.4301390      2.0288016     0.54934174      22.777796     0.63129201
      2.2690000     -1.4324323      1.9226057     0.21458408      18.326275     0.64773890
      2.2700000     -1.4270726      1.9756311   -0.048250162      19.916122     0.63349741
      2.2710000     -1.4304690      1.9421430     0.27298439      20.512037     0.64009166
      2.2720000     -1.4232880      1.9553553     0.34012939      20.364644     0.62592989
      2.2730000     -1.4269229      1.9072851     0.38306154      17.917080     0.63852876
      2.2740000     -1.4206887      1.9885480    0.092090713      22.689016     0.61845546
      2.2750000     -1.4183476      1.9665750  -0.0024826375      21.081569     0.62325929
      2.2760000     -1.4228851      1.8903243     0.58838574      17.962201     0.63640471
      2.2770000     -1.4101996      2.0284405     0.26812475      24.274897     0.59772892
      2.2780000     -1.4031616      2.0839575     0.17323836      28.995123     0.57895931
      2.2790000     -1.4113110      2.0007057     0.41706308      21.882498     0.61091310
      2.2800000     -1.4053823      2.0042635     0.22035480      23.651332     0.59688218
      2.2810000     -1.4046899      1.9568878     0.25054194      21.443071     0.60018686
      2.2820000     -1.3974845      2.2023193     0.23847705      33.749773     0.55841807
      2.2830000     -1.4014814      2.0011956   -0.065319200      23.842538     0.58886138
      2.2840000     -1.3908258      2.1347364     0.37235266      30.578997     0.55046911
      2.2850000     -1.3959001      2.0346803     0.17834849      27.818479     0.57370516
      2.2860000     -1.4029988      1.9282137   -0.033436388      21.494812     0.60440856
      2.2870000     -1.3916497      2.0836521    0.058800512      30.121211     0.56183679
      2.2880000     -1.3919523      2.0349722     0.14885315      25.511318     0.57300875
      2.2890000     -1.3902841      1.9981559    -0.10960176      25.582056     0.57163461
      2.2900000     -1.3963599      1.9705750     0.46066719      19.121628     0.60169659
      2.2910000     -1.3821502      2.0547829    -0.14301834      30.498498     0.54386106
      2.2920000     -1.3870697      1.9637327     0.18496288      25.696970     0.56873355
      2.2930000     -1.3884467      1.9322836   -0.034514425      22.277917     0.57851863
      2.2940000     -1.3694711      1.9928728    0.094135163      29.263454     0.51840861
      2.2950000     -1.3809510      1.9808080     0.34789078      24.042057     0.56219365
      2.2960000     -1.3720375      2.0023751   -0.059160400      29.841895     0.52569942
      2.2970000     -1.3707279      2.0696730     0.11880053      29.920638     0.52812495
      2.2980000     -1.3729105      2.0165887     0.20762816      29.516539     0.53749001
      2.2990000     -1.3683533      2.0116541   -0.012940325      29.664556     0.52486450
      2.3000000     -1.3650923      2.0489960    -0.12575854      31.455566     0.51527351
