      2.2000000     -1.5463247      1.4288209     0.78377679      5.1840162     0.78377679
      2.2010000     -1.5454908      1.4681879     0.78352375      5.4971641     0.78352375
      2.2020000     -1.5443850      1.4497448     0.78442347      4.2799320     0.78442347
      2.2030000     -1.5433398      1.4887789     0.78330644      4.4240545     0.78330644
      2.2040000     -1.5411213      1.4945297     0.77993984      5.4674066     0.77993984
      2.2050000     -1.5397496      1.4790820     0.77833190      5.3113228     0.77833190
      2.2060000     -1.5381702      1.4955459     0.77632503      5.8989817     0.77632503
      2.2070000     -1.5374163      1.4805335     0.77719264      4.8841205     0.77719264
      2.2080000     -1.5361227      1.4618842     0.77606907      4.8756201     0.77606907
      2.2090000     -1.5348811      1.4948971     0.77502156      4.9423350     0.77502156
      2.2100000     -1.5317715      1.5385622     0.76936754      6.7197245     0.76936754
      2.2110000     -1.5310499      1.5259698     0.77004484      5.6311942     0.77004484
      2.2120000     -1.5296454      1.5207143     0.76986256      5.4447963     0.76986256
      2.2130000     -1.5275887      1.5104625     0.76587567      6.0669356     0.76587567
      2.2140000     -1.5262298      1.5681942     0.76470265      6.5928245     0.76470265
      2.2150000     -1.5243589      1.5945360     0.76251825      7.1571966     0.76251825
      2.2160000     -1.5219084      1.6255888     0.75823415      8.4074184     0.75823415
      2.2170000     -1.5201910      1.5788432     0.75640688      7.9461830     0.75640688
      2.2180000     -1.5207776      1.5758672     0.75924192      6.7954746     0.75924192
      2.2190000     -1.5188374      1.6029176     0.75737044      6.9729348     0.75737044
      2.2200000     -1.5180703      1.5289206     0.75775968      6.3025870     0.75775968
      2.2210000     -1.5151903      1.6544661     0.75143247      9.6425105     0.75143247
      2.2220000     -1.5142515      1.6156064     0.75301913      6.9534715     0.75301913
      2.2230000     -1.5112490      1.7194863     0.74589059      11.249847     0.74589059
      2.2240000     -1.5098947      1.6701958     0.74409841      10.908254     0.74409841
      2.2250000     -1.5086721      1.6409584     0.74442919      9.9837415     0.74442919
      2.2260000     -1.5076034      1.7580016     0.74315575      11.435794     0.74315575
      2.2270000     -1.5056964      1.6906885     0.74267314      8.8208511     0.74267314
      2.2280000     -1.5034076      1.7947039     0.73595565      14.294594     0.73595565
      2.2290000     -1.5014455      1.8064898     0.73329027      13.948690     0.73329027
      2.2300000     -1.5009109      1.7210305     0.73557401      10.254462     0.73557401
      2.2310000     -1.4992999      1.6571384     0.73505867      8.4756849     0.73505867
      2.2320000     -1.4970860      1.7777945     0.72854185      14.514704     0.72854185
      2.2330000     -1.4965643      1.7047761     0.73034984      12.499815     0.73034984
      2.2340000     -1.4934268      1.8120211     0.72553081      13.123390     0.72553081
      2.2350000     -1.4903646      1.9812156     0.71660303      25.100595     0.71660303
      2.2360000     -1.4909536      1.7684568     0.72423571      12.228042     0.72423571
      2.2370000     -1.4892385      1.7819687     0.72080443      12.847804     0.72080443
      2.2380000     -1.4863601      1.8470413     0.71373811      17.129024     0.71373811
      2.2390000     -1.4865010      1.7900811     0.71980108      11.935486     0.71980108
      2.2400000     -1.4835770      1.8616279     0.71083717      17.231008     0.71083717
      2.2410000     -1.4810008      1.8943664     0.70807894      17.145325     0.70807894
      2.2420000     -1.4806515      1.9298193     0.70659363      22.961947     0.70659363
      2.2430000     -1.4774585      1.9480964     0.70169024      19.216362     0.70169024
      2.2440000     -1.4756949      1.9524451     0.69995647      19.420720     0.69995647
      2.2450000     -1.4749805      1.9808788     0.69648503      33.943566     0.69648503
      2.2460000     -1.4737818      1.8469329     0.70249896      14.785477     0.70249896
      2.2470000     -1.4708876      1.9447312     0.69252863      20.996135     0.69252863
      2.2480000     -1.4676529      2.0822643     0.68333682      28.909362     0.68333682
      2.2490000     -1.4646908      2.4624551     0.65718913      91.644568     0.65718913
      2.2500000     -1.4644539      2.0842735     0.67483696      35.202112     0.67483696
      2.2510000     -1.4620445      1.9808315     0.67635281      22.062606     0.67635281
      2.2520000     -1.4532719      2.9539459     0.58483349      286.96555     0.59917519
      2.2530000     -1.4585918      2.1862533     0.66672501      41.721267     0.66672501
      2.2540000     -1.4555417      2.1322650     0.66268577      35.220489     0.66268577
      2.2550000     -1.4537386      2.3212860     0.65431178      51.873351     0.65431178
      2.2560000     -1.4529708      2.1803843     0.65641140      40.182500     0.65641140
      2.2570000     -1.4486687      2.2799825     0.64457323      48.586583     0.64457323
      2.2580000     -1.4457501      2.6927619     0.62385331      129.18704     0.62386739
      2.2590000     -1.4438513      2.4317130     0.62393550      73.533962     0.62393550
      2.2600000     -1.4377754      2.6326267     0.58540719      138.90987     0.58540719
      2.2610000     -1.4421486      2.4192873     0.62542990      70.141436     0.62542990
      2.2620000     -1.4416532      2.1972381     0.64256377      35.325523     0.64256377
      2.2630000     -1.4360154      2.6113784     0.61294379      76.047611     0.61294379
      2.2640000     -1.4336231      2.3054866     0.61085443      63.386256     0.61085443
      2.2650000     -1.4278025      2.8559580     0.47961151      271.33005     0.55095474
      2.2660000     -1.4288681      2.3735225     0.59834234      70.322148     0.59834234
      2.2670000     -1.4218105      2.8403026     0.50291931      296.41626     0.52293143
      2.2680000     -1.4259273      2.6116486     0.58808846      120.06429     0.58868188
      2.2690000     -1.4211223      3.0296512     0.46047022      270.43256     0.54772358
      2.2700000     -1.4215853      2.5761764     0.57874449      90.908392     0.57874449
      2.2710000     -1.4150691      2.4864625     0.54410243      110.82983     0.54410243
      2.2720000     -1.4161636      2.4441259     0.55769121      102.10137     0.55769121
      2.2730000     -1.4124459      2.8538076     0.55192870      117.08039     0.55192870
      2.2740000     -1.4071185      2.9634996     0.39755185      212.24114     0.51519151
      2.2750000     -1.4018984      2.8275101     0.28334795      277.38722     0.46977420
      2.2760000     -1.4045234      2.5654943     0.28471619      163.90757     0.51485454
      2.2770000     -1.4020615      2.7502033     0.39004428      219.56155     0.49870023
      2.2780000     -1.3993219      2.7205564     0.49825457      158.89609     0.50126233
      2.2790000     -1.3925683      2.9200476     0.40928412      276.12683     0.44599776
      2.2800000     -1.3919008      2.7903538     0.34705391      263.06311     0.44635375
      2.2810000     -1.3906221      2.7057993     0.35682759      207.64192     0.46274411
      2.2820000     -1.3907885      2.8396909     0.45624239      235.18769     0.46301298
      2.2830000     -1.3918251      2.4269469     0.48104339      186.89168     0.48335377
      2.2840000     -1.3903175      2.4002215     0.50476652      117.17776     0.50476707
      2.2850000     -1.3793691      2.5022567     0.28108590      257.55930     0.38608721
      2.2860000     -1.3807220      2.4674098     0.44944919      123.49218     0.44944919
      2.2870000     -1.3792801      2.6667433     0.35006416      267.26497     0.41606173
      2.2880000     -1.3751198      2.7791318     0.25242326      316.25272     0.38358177
      2.2890000     -1.3685729      2.6482650    0.040036892      291.25988     0.31129315
      2.2900000     -1.3656296      2.6139494     0.26904619      330.31697     0.30702117
      2.2910000     -1.3645839      2.2966152     0.12838437      218.60503     0.34043568
      2.2920000     -1.3686047      2.4969975     0.22685113      189.96681     0.39964430
      2.2930000     -1.3626563      2.3661603     0.30520092      241.02414     0.32927178
      2.2940000     -1.3647347      2.4826257     0.38362094      186.70629     0.38397636
      2.2950000     -1.3596783      2.4635404     0.21729813      195.12770     0.36434463
      2.2960000     -1.3568904      2.3724011     0.16798812      256.46388     0.29640806
      2.2970000     -1.3561436      2.7977658    0.055502860      281.60935     0.32577227
      2.2980000     -1.3556182      2.5835983     0.16821992      270.30953     0.33694211
      2.2990000     -1.3498318      2.4738848     0.23425053      256.91230     0.29670524
      2.3000000     -1.3465972      2.3317107     0.14053824      207.87893     0.29723612
