      T:            <E>/L^2:           Cv:         <M>/L^2:        X:           <|M|>/L^2: 
      2.2000000     -1.5470788      1.4443545     0.78551360      5.3319898     0.78551360
      2.2020000     -1.5438135      1.4332864     0.78274039      4.4876278     0.78274039
      2.2040000     -1.5409133      1.4204459     0.77908395      5.7583378     0.77908395
      2.2060000     -1.5381480      1.4623962     0.77730748      4.9530089     0.77730748
      2.2080000     -1.5359503      1.4624761     0.77579900      5.6762732     0.77579900
      2.2100000     -1.5320677      1.5067876     0.77026747      6.5607787     0.77026747
      2.2120000     -1.5284183      1.5750599     0.76564222      7.8838541     0.76564222
      2.2140000     -1.5256766      1.5783700     0.76309466      7.4061265     0.76309466
      2.2160000     -1.5238163      1.5249033     0.76232678      6.9618910     0.76232678
      2.2180000     -1.5209954      1.5468694     0.76046758      6.7421731     0.76046758
      2.2200000     -1.5163848      1.6088268     0.75284888      8.5960643     0.75284888
      2.2220000     -1.5131336      1.6465025     0.74904291      10.387880     0.74904291
      2.2240000     -1.5107477      1.6212886     0.74698075      9.4123079     0.74698075
      2.2260000     -1.5077572      1.6411045     0.74517945      8.4903871     0.74517945
      2.2280000     -1.5026443      1.7013865     0.73473517      11.338710     0.73473517
      2.2300000     -1.4998925      1.7555737     0.73108548      15.674736     0.73108548
      2.2320000     -1.4972043      1.7488866     0.72850397      18.620529     0.72850397
      2.2340000     -1.4940339      1.7199255     0.72844645      11.916599     0.72844645
      2.2360000     -1.4924877      1.6699065     0.72771378      10.785432     0.72771378
      2.2380000     -1.4816600      2.3144520     0.66123767      175.07489     0.67173965
      2.2400000     -1.4827005      1.8744480     0.70670622      21.196706     0.70670622
      2.2420000     -1.4786830      1.8154196     0.70051443      22.534361     0.70051443
      2.2440000     -1.4774006      1.8316013     0.70642868      15.379705     0.70642868
      2.2460000     -1.4687779      2.1244467     0.55747293      683.86355     0.67262991
      2.2480000     -1.4660034      2.1192808     0.67458065      33.795530     0.67458065
      2.2500000     -1.4653040      1.9117601     0.68518539      21.821966     0.68518539
      2.2520000     -1.4598902      2.0139845     0.67185473      25.919184     0.67185473
      2.2540000     -1.4535168      2.3131505     0.64901785      61.713078     0.64927605
      2.2560000     -1.4532090      2.0343062     0.66220765      28.928787     0.66220765
      2.2580000     -1.4490163      2.1194854     0.65039943      40.096629     0.65039943
      2.2600000     -1.4471300      1.9572618     0.65884320      23.851170     0.65884320
      2.2620000     -1.4351305      2.2641990     0.35370844      1112.6618     0.59985933
      2.2640000     -1.4338769      2.2641177     0.51140979      551.73087     0.60935210
      2.2660000     -1.4298401      2.2484028     0.60792835      53.200119     0.60792835
      2.2680000     -1.4196363      2.5987421     0.33358881      961.71085     0.54751563
      2.2700000     -1.4177547      2.4448515     0.50667208      320.61208     0.54464672
      2.2720000     -1.4144462      2.4738200     0.41627417      687.70031     0.55070388
      2.2740000     -1.4059412      2.6042954     0.34509922      749.90375     0.50485840
      2.2760000     -1.4053668      2.3748778     0.42924593      519.15449     0.52614828
      2.2780000     -1.3991539      2.5007507     0.25380330      944.40702     0.49267100
      2.2800000     -1.3967804      2.4553826     0.33370600      757.71449     0.50785400
      2.2820000     -1.3926838      2.6199232     0.47326624      208.84148     0.49057088
      2.2840000     -1.3884873      2.5448395    0.025802362      1127.8672     0.47393886
      2.2860000     -1.3806683      2.3725853    0.081129841      979.81084     0.44742976
      2.2880000     -1.3759344      2.4726810     0.19230791      782.06400     0.42208824
      2.2900000     -1.3671421      2.2588336     0.11567033      695.21441     0.36892491
      2.2920000     -1.3648121      2.1922351     0.22514038      552.03996     0.37755113
      2.2940000     -1.3667287      2.4009652     0.10519455      839.99961     0.41213167
      2.2960000     -1.3584959      2.1732230     0.14243765      665.32306     0.37485870
      2.2980000     -1.3561449      2.3667235     0.13521692      653.94456     0.36590167
      2.3000000     -1.3492108      2.1783550     0.10947272      589.01856     0.33705672
