      T:            <E>/L^2:           Cv:         <M>/L^2:        X:           <|M|>/L^2: 
      2.2000000     -1.5501903      1.3057301     0.79397903      2.7222945     0.79397903
      2.2030000     -1.5411835      1.4490760     0.77838794      5.1491591     0.77838794
      2.2060000     -1.5391687      1.4277789     0.77828964      4.6162290     0.77828964
      2.2090000     -1.5329711      1.4618294     0.77259497      4.7957538     0.77259497
      2.2120000     -1.5276378      1.5539138     0.76318989      7.7335501     0.76346100
      2.2150000     -1.5259973      1.4767679     0.76883399      4.8159562     0.76883399
      2.2180000     -1.5208827      1.5281141     0.75998633      6.5537973     0.75998633
      2.2210000     -1.5160651      1.5541363     0.75434939      7.3216048     0.75495808
      2.2240000     -1.5149562      1.4964432     0.75996786      4.7434940     0.75996786
      2.2270000     -1.5071889      1.6015290     0.30686533      9.2957500     0.74321258
      2.2300000     -1.4963693      1.7356265    -0.39911518      12.964410     0.72431854
      2.2330000     -1.4963851      1.6472217     0.44554976      8.6206672     0.73240918
      2.2360000     -1.4946189      1.6776956    -0.61302786      9.1768767     0.73202553
      2.2390000     -1.4859948      1.6783037     0.30540353      10.241540     0.71792736
      2.2420000     -1.4761841      1.8750360     0.58315353      18.236120     0.69262600
      2.2450000     -1.4771103      1.7134804    -0.30658008      11.599310     0.70939128
      2.2480000     -1.4741659      1.7278101     0.71036560      9.4888575     0.71036560
      2.2510000     -1.4584220      1.9667354     0.10569681      19.171207     0.67155969
      2.2540000     -1.4558924      1.9417244    -0.15625481      19.334139     0.66976428
      2.2570000     -1.4539100      1.8202459     0.28368211      15.126745     0.67705772
      2.2600000     -1.4502859      1.8817666   -0.065689764      15.789950     0.67349174
      2.2630000     -1.4465600      1.8114560     0.19453939      14.834478     0.67088706
      2.2660000     -1.4326506      2.0455156    -0.30773474      22.539184     0.63563538
      2.2690000     -1.4318040      1.8675743    -0.32876758      18.365233     0.64535389
      2.2720000     -1.4261699      1.8992826     0.11815996      17.484025     0.63868232
      2.2750000     -1.4190016      1.9879924    0.096223792      21.894275     0.61791963
      2.2780000     -1.4042649      2.0757059     0.17778960      25.198388     0.58616265
      2.2810000     -1.4090892      2.0027523    -0.10991983      22.182368     0.60637586
      2.2840000     -1.4004685      2.0591290    -0.42111283      27.909458     0.58217889
      2.2870000     -1.3996443      1.9722107   -0.059612431      24.958980     0.59223243
      2.2900000     -1.3953779      1.9369097   -0.054434819      20.179977     0.59659224
      2.2930000     -1.3815366      1.9656821    -0.11293972      26.705043     0.55162125
      2.2960000     -1.3756535      2.0070678     0.13406971      28.683163     0.54252115
      2.2990000     -1.3785844      2.0197018    0.076933181      25.633706     0.56035721
      2.3020000     -1.3591774      2.0933224    -0.10830390      32.487296     0.49908238
      2.3050000     -1.3540745      1.9944208     0.24807379      30.243950     0.49652846
      2.3080000     -1.3458080      2.1276712   -0.066277931      35.321174     0.46561471
