      T:            <E>/L^2:           Cv:         <M>/L^2:        X:           <|M|>/L^2: 
      2.2000000     -1.5471786      1.3663007     0.78767280      3.8616053     0.78767280
      2.2030000     -1.5413064      1.6103961     0.77427914      10.452881     0.77428052
      2.2060000     -1.5383928      1.4693033     0.77706545      5.7622554     0.77706545
      2.2090000     -1.5325329      1.5316666     0.76902326      6.6711233     0.76902326
      2.2120000     -1.5318755      1.4742653     0.77430318      4.8809983     0.77430318
      2.2150000     -1.5256786      1.4636045     0.76723417      4.9354557     0.76723417
      2.2180000     -1.5216575      1.5213123     0.76301815      5.2297648     0.76301815
      2.2210000     -1.5182824      1.4761443     0.76045569      5.3417640     0.76045569
      2.2240000     -1.5092088      1.5785476     0.74514794      8.1670825     0.74514794
      2.2270000     -1.5021745      1.6574953     0.73239604      10.390372     0.73239604
      2.2300000     -1.5000313      1.6837540     0.73316968      10.864850     0.73316968
      2.2330000     -1.4968814      1.6393940     0.73506450      8.0876228     0.73506450
      2.2360000     -1.4949052      1.6225404     0.73450204      8.2501475     0.73450204
      2.2390000     -1.4868950      1.7489337     0.72062380      11.420678     0.72062380
      2.2420000     -1.4777429      1.8570708     0.69976523      18.463454     0.69976523
      2.2450000     -1.4655049      2.1764237     0.10482188      43.448780     0.65741595
      2.2480000     -1.4691506      1.8226927     0.69546183      13.602870     0.69546183
      2.2510000     -1.4629349      1.9055107    -0.53346490      24.940759     0.67706614
      2.2540000     -1.4578047      1.8646864     0.67965452      15.418908     0.67965452
      2.2570000     -1.4491062      2.2209941   -0.041787043      42.135327     0.64321004
      2.2600000     -1.4415225      2.0637312  -0.0035348272      39.927359     0.63059922
      2.2630000     -1.4410283      1.9809650     0.49639833      27.781898     0.64546925
      2.2660000     -1.4366919      1.9595370     0.64375082      26.441775     0.64375162
      2.2690000     -1.4335657      1.9145113     0.64727675      18.479900     0.64727675
      2.2720000     -1.4214790      2.1719527    -0.37098718      37.904579     0.60799535
      2.2750000     -1.4077136      2.2315718    0.032845562      52.822957     0.55891599
      2.2780000     -1.4072312      2.1946049     0.31347816      48.464943     0.57112693
      2.2810000     -1.3964921      2.2198478    -0.15750454      55.518127     0.53538896
      2.2840000     -1.3814104      2.2819988     0.23883601      70.089068     0.47485688
      2.2870000     -1.3817211      2.2176072     0.27107823      60.339251     0.50043734
      2.2900000     -1.3810514      2.0627830     0.12406381      46.013644     0.52382725
      2.2930000     -1.3728454      2.1280629   -0.084955265      53.190927     0.49558482
      2.2960000     -1.3732656      2.1999369    0.078662667      59.353375     0.49897960
      2.2990000     -1.3567152      2.2153089     0.17999967      63.739195     0.44334886
      2.3020000     -1.3492400      2.0542578     0.11306091      65.549929     0.41170428
      2.3050000     -1.3402912      1.9184685    -0.13732111      58.628467     0.39585000
      2.3080000     -1.3379619      2.0671571     0.20489359      61.821702     0.40071056
