      2.2000000     -1.5498302      1.5795925     0.78950562      4.0903501     0.78950562
      2.2010000     -1.5433124      1.5950773     0.77742402      5.7620890     0.77742402
      2.2020000     -1.5450069      1.6358140     0.78438426      5.1733674     0.78438426
      2.2030000     -1.5477874      1.4856385     0.79039370      3.2068438     0.79039370
      2.2040000     -1.5403148      1.7589916     0.77550982      6.7665788     0.77550982
      2.2050000     -1.5464403      1.4619944     0.79143022      2.8653687     0.79143022
      2.2060000     -1.5363543      1.7217637     0.77353926      5.5805990     0.77353926
      2.2070000     -1.5410597      1.7488051     0.78166186      6.4341584     0.78166186
      2.2080000     -1.5400081      1.7600589     0.78364810      5.1901622     0.78364810
      2.2090000     -1.5329850      1.7379977     0.76713362      6.4573109     0.76713362
      2.2100000     -1.5353330      1.6792546     0.78001920      3.9728577     0.78001920
      2.2110000     -1.5330840      1.6556969     0.77715040      3.7209055     0.77715040
      2.2120000     -1.5326221      1.6139119     0.77396684      4.8008599     0.77396684
      2.2130000     -1.5273158      1.6499590     0.76583444      5.6603352     0.76583444
      2.2140000     -1.5270784      1.7424544     0.77009528      4.9084109     0.77009528
      2.2150000     -1.5256383      1.8621314     0.76431518      8.1242909     0.76431518
      2.2160000     -1.5265329      1.7243544     0.76591422      6.7186694     0.76591422
      2.2170000     -1.5219471      2.0059599     0.75702726      10.592468     0.75702726
      2.2180000     -1.5242243      1.7548843     0.76870300      4.3481589     0.76870300
      2.2190000     -1.5199595      1.7978465     0.75843592      7.2635798     0.75843592
      2.2200000     -1.5167428      1.7485682     0.75230512      7.2980582     0.75230512
      2.2210000     -1.5216101      1.7302872     0.76703042      5.3282059     0.76703042
      2.2220000     -1.5144031      1.9623226     0.74380944      13.881724     0.74380944
      2.2230000     -1.5204315      1.8573036     0.76700054      5.7564819     0.76700054
      2.2240000     -1.5093922      1.8864944     0.74476148      7.7423772     0.74476148
      2.2250000     -1.5096644      1.8436300     0.74826238      6.5161565     0.74826238
      2.2260000     -1.5055674      1.8516566     0.73201590      14.297332     0.73201590
      2.2270000     -1.5073943      1.8226882     0.74365420      7.7096410     0.74365420
      2.2280000     -1.5064052      1.9208800     0.74552754      7.3095213     0.74552754
      2.2290000     -1.5027693      1.9293979     0.73823672      10.745073     0.73823672
      2.2300000     -1.5050478      1.8624841     0.74271154      10.035011     0.74271154
      2.2310000     -1.4996971      1.8314954     0.74020200      6.4249394     0.74020200
      2.2320000     -1.4903373      2.4116212     0.69849540      35.987317     0.69849540
      2.2330000     -1.4964114      2.0290570     0.73062208      11.462765     0.73062208
      2.2340000     -1.5021641      1.7586395     0.74431336      6.5871015     0.74431336
      2.2350000     -1.4931196      2.3592278     0.71916946      22.815114     0.71916946
      2.2360000     -1.4967895      1.9678181     0.73456514      10.909172     0.73456514
      2.2370000     -1.4905764      2.2012068     0.72298002      11.876262     0.72298002
      2.2380000     -1.4897113      2.0921034     0.72375302      14.015905     0.72375302
      2.2390000     -1.4900246      1.9761421     0.73091584      9.1777987     0.73091584
      2.2400000     -1.4838822      2.5512851     0.70861722      21.051113     0.70861722
      2.2410000     -1.4843537      2.0674768     0.70968998      17.056953     0.70968998
      2.2420000     -1.4849998      2.0430511     0.72414862      9.0750250     0.72414862
      2.2430000     -1.4738881      2.5933452     0.67257176      45.682727     0.67257176
      2.2440000     -1.4769634      2.1802600     0.69875672      15.197389     0.69875672
      2.2450000     -1.4722146      2.7679047     0.68629926      42.415959     0.68629926
      2.2460000     -1.4809586      1.8563994     0.72017480      9.6665405     0.72017480
      2.2470000     -1.4786003      1.9894540     0.71887414      8.4342786     0.71887414
      2.2480000     -1.4728626      2.3779489     0.69639500      26.033628     0.69639500
      2.2490000     -1.4654282      3.0419284     0.65785432      74.826527     0.65785432
      2.2500000     -1.4739464      2.2952539     0.71560300      9.8893030     0.71560300
      2.2510000     -1.4688054      2.1253327     0.69372128      17.870837     0.69372128
      2.2520000     -1.4673886      2.0484189     0.69737752      12.201415     0.69737752
      2.2530000     -1.4650579      2.5010280     0.69522442      19.267058     0.69522442
      2.2540000     -1.4605759      2.2203201     0.67930990      17.077115     0.67930990
      2.2550000     -1.4533224      3.1170904     0.61855004      126.01305     0.62624768
      2.2560000     -1.4559394      2.4640923     0.67023602      29.863818     0.67023602
      2.2570000     -1.4477948      2.6797588     0.63989414      46.582907     0.63989414
      2.2580000     -1.4550017      2.2393635     0.68196654      18.649865     0.68196654
      2.2590000     -1.4520883      2.5069173     0.66748122      21.355938     0.66748122
      2.2600000     -1.4416560      2.5557447     0.64289758      31.021744     0.64289758
      2.2610000     -1.4423174      2.4045985     0.64387832      20.605967     0.64387832
      2.2620000     -1.4355549      2.5310727     0.61878100      36.986217     0.61878100
      2.2630000     -1.4530548      2.1903136     0.68505264      19.110678     0.68505264
      2.2640000     -1.4506494      2.3095642     0.67966956      17.313206     0.67966956
      2.2650000     -1.4378184      2.3818289     0.64439318      24.917653     0.64439318
      2.2660000     -1.4394676      2.4398389     0.64537092      29.083523     0.64537092
      2.2670000     -1.4387915      2.4020301     0.65746436      18.108096     0.65746436
      2.2680000     -1.4428463      2.2571392     0.67882106      13.013603     0.67882106
      2.2690000     -1.4371033      2.5615122     0.64390568      41.238858     0.64390568
      2.2700000     -1.4280545      2.5842664     0.61588978      40.504392     0.61588978
      2.2710000     -1.4261142      2.9720654     0.61665696      42.969488     0.61665696
      2.2720000     -1.4336481      2.3739097     0.65648564      18.135540     0.65648564
      2.2730000     -1.4270094      2.6618493     0.62051866      48.866843     0.62051866
      2.2740000     -1.4208176      2.8397042     0.60899766      35.401294     0.60899766
      2.2750000     -1.4211242      2.7260005     0.60643590      37.290509     0.60643590
      2.2760000     -1.4236656      2.3572344     0.63726960      18.579085     0.63726960
      2.2770000     -1.4171994      2.9051697     0.60764432      47.498893     0.60764432
      2.2780000     -1.4097534      2.6864018     0.58160620      37.462696     0.58160620
      2.2790000     -1.4116389      2.5926753     0.59490322      30.908176     0.59490322
      2.2800000     -1.4195765      2.6268543     0.63332564      25.057916     0.63332564
      2.2810000     -1.4086286      3.0768215     0.58676894      47.312016     0.58676894
      2.2820000     -1.4166606      2.5132604     0.63169830      20.456969     0.63169830
      2.2830000     -1.3875544      3.4317476     0.45536042      146.75705     0.46182162
      2.2840000     -1.3978274      2.9420113     0.56804912      55.281694     0.56804912
      2.2850000     -1.4042364      2.7430968     0.59678916      32.983735     0.59678916
      2.2860000     -1.3946961      3.0217368     0.53880712      60.170074     0.53880712
      2.2870000     -1.4035950      2.2384008     0.60172200      24.062078     0.60172200
      2.2880000     -1.3972684      3.3103992     0.53075258      159.29901     0.53290178
      2.2890000     -1.3926183      2.8487541     0.57033504      38.927809     0.57033504
      2.2900000     -1.3947788      2.4248910     0.57005062      40.329189     0.57005062
      2.2910000     -1.3974323      2.6483165     0.57398452      63.767742     0.57398452
      2.2920000     -1.3800263      2.9046621     0.52269678      52.941691     0.52269678
      2.2930000     -1.3878003      2.9526120     0.54650280      64.624509     0.54650280
      2.2940000     -1.3852642      3.0955626     0.53864874      65.930888     0.53864874
      2.2950000     -1.3826670      2.9351182     0.55370848      37.328387     0.55370848
      2.2960000     -1.3664084      3.2532437     0.41861556      163.93694     0.41976848
      2.2970000     -1.3671231      3.5558555     0.41291898      172.98423     0.41667818
      2.2980000     -1.3574989      3.2645541     0.38145624      134.46995     0.38407788
      2.2990000     -1.3796016      2.9676321     0.55377888      38.725928     0.55377888
      2.3000000     -1.3640815      3.4175407     0.46701884      95.456645     0.46701884
