      T:            <E>/L^2:           Cv:         <M>/L^2:        X:           <|M|>/L^2:       MCC:       accept:
      1.0000000     -1.9971592    0.023224742     0.99927545   0.0015581109     0.99927545             10              0
      1.0000000     -1.9972204    0.022916730     0.99929100   0.0015341276     0.99929100             11              0
      1.0000000     -1.9971436    0.023443592     0.99927270   0.0015664139     0.99927270             12              0
      1.0000000     -1.9971686    0.023389270     0.99927835   0.0015669885     0.99927835             13              0
      1.0000000     -1.9972182    0.022960636     0.99929055   0.0015453723     0.99929055             14              0
      1.0000000     -1.9971824    0.023066052     0.99928300   0.0015345644     0.99928300             16              0
      1.0000000     -1.9971955    0.023115912     0.99928505   0.0015520386     0.99928505             17              0
      1.0000000     -1.9971498    0.023411344     0.99927235   0.0015767102     0.99927235             19              0
      1.0000000     -1.9971383    0.023699869     0.99926925   0.0015939018     0.99926925             21              0
      1.0000000     -1.9972093    0.022775597     0.99928845   0.0015247786     0.99928845             23              0
      1.0000000     -1.9971340    0.023360818     0.99926880   0.0015697386     0.99926880             25              0
      1.0000000     -1.9971169    0.023856294     0.99926505   0.0015964394     0.99926505             28              0
      1.0000000     -1.9971760    0.023238810     0.99927950   0.0015595519     0.99927950             31              0
      1.0000000     -1.9972007    0.022805968     0.99928660   0.0015248242     0.99928660             34              0
      1.0000000     -1.9971664    0.023277084     0.99927725   0.0015623530     0.99927725             37              0
      1.0000000     -1.9971516    0.023348247     0.99927325   0.0015698338     0.99927325             41              0
      1.0000000     -1.9971817    0.023172874     0.99928175   0.0015605468     0.99928175             45              0
      1.0000000     -1.9971558    0.023609011     0.99927535   0.0015788530     0.99927535             50              0
      1.0000000     -1.9971469    0.023541128     0.99927215   0.0015797938     0.99927215             55              0
      1.0000000     -1.9971750    0.023182950     0.99927980   0.0015533248     0.99927980             61              0
      1.0000000     -1.9971494    0.023644832     0.99927160   0.0015981734     0.99927160             67              0
      1.0000000     -1.9971936    0.022990448     0.99928430   0.0015491094     0.99928430             74              0
      1.0000000     -1.9970932    0.024101006     0.99925760   0.0016287369     0.99925760             81              0
      1.0000000     -1.9972101    0.022928583     0.99928900   0.0015333916     0.99928900             89              0
      1.0000000     -1.9971751    0.023151576     0.99927875   0.0015628194     0.99927875             98              0
      1.0000000     -1.9972213    0.022955131     0.99929280   0.0015285473     0.99929280            108              0
      1.0000000     -1.9971346    0.023652593     0.99926890   0.0015919971     0.99926890            119              0
      1.0000000     -1.9971421    0.023438963     0.99927045   0.0015782027     0.99927045            131              0
      1.0000000     -1.9971701    0.023215466     0.99927850   0.0015557751     0.99927850            144              0
      1.0000000     -1.9971842    0.023093308     0.99928195   0.0015480617     0.99928195            158              0
      1.0000000     -1.9971991    0.023056784     0.99928540   0.0015485387     0.99928540            174              0
      1.0000000     -1.9971517    0.023576075     0.99927295   0.0015890593     0.99927295            191              0
      1.0000000     -1.9971801    0.023258866     0.99928040   0.0015656703     0.99928040            211              0
      1.0000000     -1.9971321    0.023690460     0.99926825   0.0015909168     0.99926825            232              0
      1.0000000     -1.9971546    0.023309480     0.99927560   0.0015536979     0.99927560            255              0
      1.0000000     -1.9971967    0.022972204     0.99928495   0.0015411814     0.99928495            281              0
      1.0000000     -1.9971075    0.023798577     0.99926295   0.0015934029     0.99926295            309              0
      1.0000000     -1.9971912    0.023121057     0.99928410   0.0015457949     0.99928410            340              0
      1.0000000     -1.9971680    0.023419110     0.99927765   0.0015711842     0.99927765            374              0
      1.0000000     -1.9971816    0.023374649     0.99928130   0.0015687881     0.99928130            411              0
      1.0000000     -1.9971713    0.023586183     0.99927860   0.0015818328     0.99927860            452              0
      1.0000000     -1.9972027    0.023011245     0.99928790   0.0015325654     0.99928790            497              0
      1.0000000     -1.9971681    0.023515737     0.99927705   0.0015870373     0.99927705            547              0
      1.0000000     -1.9971666    0.023643938     0.99927770   0.0015831131     0.99927770            602              0
      1.0000000     -1.9971190    0.023804736     0.99926530   0.0015938864     0.99926530            662              0
      1.0000000     -1.9971703    0.023279119     0.99927975   0.0015503960     0.99927975            728              0
      1.0000000     -1.9971587    0.023356006     0.99927505   0.0015748790     0.99927505            801              0
      1.0000000     -1.9971748    0.023034498     0.99928180   0.0015248755     0.99928180            881              0
      1.0000000     -1.9971828    0.023171754     0.99928200   0.0015509904     0.99928200            970              0
      1.0000000     -1.9971413    0.023507534     0.99927045   0.0015820027     0.99927045           1067              0
      1.0000000     -1.9971360    0.023635002     0.99926930   0.0015896310     0.99926930           1173              0
      1.0000000     -1.9972100    0.022959160     0.99928880   0.0015362778     0.99928880           1291              0
      1.0000000     -1.9971445    0.023634048     0.99927200   0.0015824064     0.99927200           1420              0
      1.0000000     -1.9971567    0.023300258     0.99927520   0.0015578660     0.99927520           1562              0
      1.0000000     -1.9972018    0.023040031     0.99928545   0.0015622673     0.99928545           1718              0
      1.0000000     -1.9971434    0.023308735     0.99927100   0.0015690236     0.99927100           1890              0
      1.0000000     -1.9971090    0.023760848     0.99926105   0.0016112812     0.99926105           2079              0
      1.0000000     -1.9971655    0.023461044     0.99927690   0.0015824506     0.99927690           2287              0
      1.0000000     -1.9971036    0.024156347     0.99925945   0.0016413343     0.99925945           2516              0
      1.0000000     -1.9971371    0.023480321     0.99927000   0.0015740400     0.99927000           2768              0
      1.0000000     -1.9972021    0.023227502     0.99928455   0.0015751525     0.99928455           3044              0
      1.0000000     -1.9971408    0.023389190     0.99927215   0.0015569938     0.99927215           3349              0
      1.0000000     -1.9971659    0.023428351     0.99927695   0.0015803795     0.99927695           3684              0
      1.0000000     -1.9971418    0.023596277     0.99927050   0.0015857319     0.99927050           4052              0
      1.0000000     -1.9971686    0.023257270     0.99927760   0.0015640553     0.99927760           4457              0
      1.0000000     -1.9970951    0.023780222     0.99925895   0.0015966380     0.99925895           4903              0
      1.0000000     -1.9971978    0.022811070     0.99928450   0.0015374239     0.99928450           5394              0
      1.0000000     -1.9971325    0.023840977     0.99926925   0.0015955018     0.99926925           5933              0
      1.0000000     -1.9971981    0.023091343     0.99928490   0.0015526528     0.99928490           6526              0
      1.0000000     -1.9972163    0.022875206     0.99929070   0.0015317574     0.99929070           7179              0
      1.0000000     -1.9971693    0.023422455     0.99927800   0.0015702864     0.99927800           7897              0
      1.0000000     -1.9971678    0.023361057     0.99927785   0.0015698998     0.99927785           8687              0
      1.0000000     -1.9971482    0.023419695     0.99927220   0.0015793229     0.99927220           9555              0
      1.0000000     -1.9971149    0.023775679     0.99926575   0.0015838508     0.99926575          10511              0
      1.0000000     -1.9972066    0.023024367     0.99928615   0.0015554673     0.99928615          11562              0
      1.0000000     -1.9971833    0.023073280     0.99928170   0.0015472180     0.99928170          12718              0
      1.0000000     -1.9971782    0.023148578     0.99927970   0.0015568672     0.99927970          13990              0
      1.0000000     -1.9971405    0.023575304     0.99926920   0.0015941725     0.99926920          15389              0
      1.0000000     -1.9971831    0.023084830     0.99928165   0.0015452893     0.99928165          16928              0
      1.0000000     -1.9971680    0.022972710     0.99927790   0.0015404286     0.99927790          18621              0
      1.0000000     -1.9971367    0.023351405     0.99927040   0.0015652735     0.99927040          20484              0
      1.0000000     -1.9971318    0.023525372     0.99926885   0.0015748679     0.99926885          22532              0
      1.0000000     -1.9971269    0.023741719     0.99926725   0.0015925310     0.99926725          24785              0
      1.0000000     -1.9971290    0.023694944     0.99926780   0.0015947533     0.99926780          27264              0
      1.0000000     -1.9971557    0.023460383     0.99927425   0.0015758148     0.99927425          29990              0
      1.0000000     -1.9971544    0.023341824     0.99927470   0.0015655760     0.99927470          32989              0
      1.0000000     -1.9972268    0.023018945     0.99929215   0.0015506794     0.99929215          36288              0
      1.0000000     -1.9971926    0.023311402     0.99928350   0.0015678511     0.99928350          39917              0
      1.0000000     -1.9971252    0.023714210     0.99926680   0.0015917671     0.99926680          43909              0
      1.0000000     -1.9972135    0.023091367     0.99928860   0.0015589640     0.99928860          48300              0
      1.0000000     -1.9971853    0.023287386     0.99928130   0.0015689881     0.99928130          53130              0
      1.0000000     -1.9971631    0.023339599     0.99927735   0.0015586108     0.99927735          58443              0
      1.0000000     -1.9971705    0.023507572     0.99927775   0.0015818420     0.99927775          64287              0
      1.0000000     -1.9970877    0.024220603     0.99925625   0.0016350344     0.99925625          70716              0
      1.0000000     -1.9971474    0.023746669     0.99927040   0.0016338735     0.99927040          77787              0
      1.0000000     -1.9971886    0.022961612     0.99928285   0.0015393784     0.99928285          85566              0
      1.0000000     -1.9972115    0.022862907     0.99928945   0.0015299475     0.99928945          94123              0
