      2.2000000     -1.5474174      1.4099372     0.78653732      4.3245066     0.78653732
      2.2010000     -1.5439899      1.4368258     0.78221992      4.4385274     0.78221992
      2.2020000     -1.5432719      1.3856529     0.78240151      4.0214262     0.78240151
      2.2030000     -1.5414725      1.4518278     0.77752655      6.2426020     0.77752655
      2.2040000     -1.5415552      1.4596545     0.78052163      4.8953197     0.78052163
      2.2050000     -1.5401567      1.4752485     0.78022022      4.5476762     0.78022022
      2.2060000     -1.5384623      1.4615206     0.77830147      4.5522129     0.77830147
      2.2070000     -1.5342236      1.6034162     0.76557120      11.238374     0.76557120
      2.2080000     -1.5352306      1.4604762     0.77502102      4.8946101     0.77502102
      2.2090000     -1.5320376      1.5679698     0.76805388      7.0461927     0.76805388
      2.2100000     -1.5323218      1.4269750     0.77276698      4.6679033     0.77276698
      2.2110000     -1.5306652      1.5099307     0.76852703      6.5572202     0.76852703
      2.2120000     -1.5289457      1.5047435     0.76782434      5.9828604     0.76782434
      2.2130000     -1.5285961      1.4381424     0.77072693      4.7082236     0.77072693
      2.2140000     -1.5269895      1.5369748     0.76801464      5.3282586     0.76801464
      2.2150000     -1.5260006      1.4877336     0.76596668      5.7300122     0.76596668
      2.2160000     -1.5228813      1.5857766     0.75957162      8.5683328     0.75957162
      2.2170000     -1.5217596      1.5816908     0.46886652      11.934227     0.75658372
      2.2180000     -1.5190071      1.5457824     0.75687364      6.6566477     0.75687364
      2.2190000     -1.5182340      1.6302404     0.75487778      8.6256917     0.75487778
      2.2200000     -1.5135731      1.7185383     0.73885157      17.239125     0.73885157
      2.2210000     -1.5140742      1.6174340     0.59608423      11.410611     0.74838559
      2.2220000     -1.5124041      1.6587877     0.74436271      11.133080     0.74436271
      2.2230000     -1.5095931      1.7511885     0.73510931      19.361854     0.73536114
      2.2240000     -1.5132758      1.5382211     0.75591373      6.2237152     0.75591373
      2.2250000     -1.5065703      1.6434740     0.73917922      9.9965139     0.73917922
      2.2260000     -1.5084766      1.5534713     0.74715329      7.5319901     0.74715329
      2.2270000     -1.5044829      1.7193077     0.63083223      13.461715     0.73574878
      2.2280000     -1.5018877      1.7277597     0.73369229      10.876714     0.73369229
      2.2290000     -1.4990399      1.7865565     0.61619194      19.925636     0.72331423
      2.2300000     -1.5025413      1.5811734     0.74228092      7.1702091     0.74228092
      2.2310000     -1.5011985      1.5888526     0.74154134      7.2640824     0.74154134
      2.2320000     -1.4983159      1.6477531     0.73624326      8.0736430     0.73624326
      2.2330000     -1.4936713      1.7417250     0.72451389      11.078625     0.72451389
      2.2340000     -1.4950452      1.7097578     0.72985013      11.999854     0.72985013
      2.2350000     -1.4921937      1.6804030     0.72421397      10.925630     0.72421397
      2.2360000     -1.4912679      1.7361237     0.72500723      11.953861     0.72500723
      2.2370000     -1.4859011      1.8753858     0.54525639      24.894548     0.70584581
      2.2380000     -1.4860080      1.8192536     0.71322210      15.399733     0.71322210
      2.2390000     -1.4802181      1.9840728     0.58037748      26.607958     0.69288903
      2.2400000     -1.4805865      1.8439817     0.67440996      17.372862     0.70383828
      2.2410000     -1.4823520      1.8438782     0.70903526      16.096202     0.70903526
      2.2420000     -1.4796049      1.7862111     0.71019927      11.846665     0.71019927
      2.2430000     -1.4768606      1.8663108     0.62626530      18.956094     0.70016328
      2.2440000     -1.4794880      1.6679228     0.71720557      8.3611407     0.71720557
      2.2450000     -1.4753891      1.8919889     0.45921188      16.647119     0.70337101
      2.2460000     -1.4739626      1.7754512     0.70067090      16.273071     0.70087546
      2.2470000     -1.4708182      1.8008184     0.69496631      14.633708     0.69496631
      2.2480000     -1.4690192      2.0266225     0.67135472      30.230581     0.68282044
      2.2490000     -1.4692758      1.8970693     0.69537884      17.961936     0.69551900
      2.2500000     -1.4670320      1.8902400     0.68334201      27.038443     0.68455551
      2.2510000     -1.4643306      1.8616452     0.68902484      16.443890     0.68902491
      2.2520000     -1.4594957      1.9647036     0.58205201      23.142231     0.67279387
      2.2530000     -1.4577554      2.0526068     0.37022113      24.956189     0.66893151
      2.2540000     -1.4593497      1.9916501     0.66667451      22.596963     0.67713630
      2.2550000     -1.4594166      1.8103121     0.68670979      16.745876     0.68670979
      2.2560000     -1.4546442      1.8633002     0.67301123      18.101752     0.67301123
      2.2570000     -1.4450337      2.2824172     0.52216593      53.187295     0.62138125
      2.2580000     -1.4543253      1.8553017     0.67343387      21.168662     0.67407023
      2.2590000     -1.4419871      2.1774505     0.54330011      42.406868     0.62623774
      2.2600000     -1.4415245      2.2363409    -0.10202612      45.292846     0.62487572
      2.2610000     -1.4451874      2.1160602     0.52236418      32.450967     0.64886407
      2.2620000     -1.4406227      2.2357239     0.62239513      44.622629     0.62860483
      2.2630000     -1.4348173      2.2510295     0.48212243      44.111411     0.61662238
      2.2640000     -1.4420752      2.0354410     0.57304209      27.906219     0.65441906
      2.2650000     -1.4326663      2.0318196     0.62499137      31.395259     0.62555595
      2.2660000     -1.4292084      2.2989949     0.53975422      47.891364     0.60321351
      2.2670000     -1.4289391      2.1300380     0.16770535      38.235694     0.61566295
      2.2680000     -1.4233012      2.2865413     0.56557358      46.947339     0.59342523
      2.2690000     -1.4232967      2.2043768     0.40894986      38.673098     0.60474049
      2.2700000     -1.4182543      2.2496478     0.24153379      47.047981     0.58086172
      2.2710000     -1.4178730      2.2860257     0.34222703      45.429029     0.59027374
      2.2720000     -1.4206437      2.2081998     0.44648853      44.929067     0.59549076
      2.2730000     -1.4240915      2.0561100     0.47259994      27.339011     0.62653803
      2.2740000     -1.4194527      2.1930230     0.41464066      36.190241     0.60552889
      2.2750000     -1.4084758      2.3539592    0.099311722      62.399224     0.55347738
      2.2760000     -1.4140100      2.1597175     0.35080796      43.652202     0.59120103
      2.2770000     -1.4005126      2.3238689     0.29051378      63.458411     0.52754413
      2.2780000     -1.4034374      2.2723282     0.27397081      55.320133     0.55376553
      2.2790000     -1.4120486      1.9773956     0.60552739      26.973465     0.60555393
      2.2800000     -1.4012054      2.2268627     0.36549631      50.251774     0.55464644
      2.2810000     -1.3961518      2.3664538     0.21995979      60.963348     0.53239233
      2.2820000     -1.3967262      2.1867537     0.33239074      47.021034     0.55165538
      2.2830000     -1.3968950      2.3217565     0.20887999      54.796808     0.54764187
      2.2840000     -1.3969777      2.0968944     0.36754991      40.046980     0.56182487
      2.2850000     -1.3924450      2.2450212     0.12838968      51.051280     0.54555804
      2.2860000     -1.3863444      2.2703987     0.35311014      58.301384     0.51544901
      2.2870000     -1.3832050      2.1891679     0.20963499      51.190640     0.51365083
      2.2880000     -1.3893957      2.1697852     0.40312442      43.343050     0.55200504
      2.2890000     -1.3817715      2.3243881    -0.22243056      62.310565     0.50800793
      2.2900000     -1.3803549      2.2150706    -0.17497914      57.804866     0.50790395
      2.2910000     -1.3772324      2.2594630     0.37088929      67.750200     0.48881671
      2.2920000     -1.3815766      2.2503656     0.29798608      59.705563     0.51786024
      2.2930000     -1.3704852      2.1885554  -0.0052681056      58.312558     0.48428961
      2.2940000     -1.3767431      2.1515049    0.037397817      50.965820     0.51622862
      2.2950000     -1.3617718      2.2323121  -0.0077540667      69.321064     0.43692042
      2.2960000     -1.3617278      2.3031345   -0.023745611      66.501341     0.44681328
      2.2970000     -1.3651921      2.0607822    0.085997478      55.702530     0.48211322
      2.2980000     -1.3667048      2.1006964    -0.16008860      52.402330     0.49361021
      2.2990000     -1.3632266      2.1177507     0.12315456      50.185788     0.48530209
      2.3000000     -1.3569604      2.2045390     0.13558392      62.598570     0.44816519
