      2.2000000     -1.5462084      1.4817609     0.78253193      6.2989461     0.78253193
      2.2010000     -1.5451612      1.4943328     0.78240876      7.1943542     0.78240876
      2.2020000     -1.5441138      1.4149527     0.78305609      4.3897052     0.78305609
      2.2030000     -1.5427121      1.4579156     0.78271811      4.2028303     0.78271811
      2.2040000     -1.5413081      1.4422742     0.78047049      4.8362634     0.78047049
      2.2050000     -1.5395065      1.3974634     0.77673815      5.8998731     0.77673815
      2.2060000     -1.5380034      1.4562744     0.77719917      4.8146063     0.77719917
      2.2070000     -1.5364230      1.5010382     0.77492366      5.6250972     0.77492366
      2.2080000     -1.5359611      1.4866288     0.77513603      6.2674228     0.77513603
      2.2090000     -1.5329196      1.5501162     0.76930528      7.3460579     0.76930528
      2.2100000     -1.5323267      1.4613518     0.77207139      5.1883925     0.77207139
      2.2110000     -1.5310559      1.5316444     0.76973453      6.2169566     0.76973453
      2.2120000     -1.5285978      1.6105649     0.76498209      8.4009967     0.76498209
      2.2130000     -1.5264168      1.6083128     0.76210867      9.9772803     0.76210867
      2.2140000     -1.5266272      1.6019947     0.76570075      6.7853314     0.76570075
      2.2150000     -1.5254427      1.4788210     0.76600978      5.3903390     0.76600978
      2.2160000     -1.5242495      1.5067434     0.76463343      5.7332629     0.76463343
      2.2170000     -1.5231765      1.5116054     0.76365504      5.9432571     0.76365504
      2.2180000     -1.5205728      1.6210991     0.75917113      7.4320664     0.75917113
      2.2190000     -1.5204594      1.5270941     0.76181235      6.0636138     0.76181235
      2.2200000     -1.5168664      1.6446800     0.75415595      8.7265865     0.75415595
      2.2210000     -1.5158535      1.5533403     0.75480927      6.8568993     0.75480927
      2.2220000     -1.5115475      1.7310166     0.74319444      13.727484     0.74319444
      2.2230000     -1.5108928      1.7075608     0.74342136      17.237380     0.74342136
      2.2240000     -1.5108660      1.6037641     0.74699425      9.9398340     0.74699425
      2.2250000     -1.5103030      1.6108942     0.74989232      6.7228372     0.74989232
      2.2260000     -1.5070300      1.7016455     0.74228943      10.020351     0.74228943
      2.2270000     -1.5065363      1.6755609     0.74441589      9.3062047     0.74441589
      2.2280000     -1.5033666      1.7268280     0.73771433      10.318799     0.73771433
      2.2290000     -1.5011774      1.6918289     0.73263238      12.976385     0.73263238
      2.2300000     -1.4999195      1.8111170     0.72907308      19.846750     0.72907308
      2.2310000     -1.4998798      1.7014782     0.73645376      9.9292487     0.73645376
      2.2320000     -1.4971492      1.8448166     0.72488722      25.540631     0.72488722
      2.2330000     -1.4949775      1.6978327     0.72829268      10.232933     0.72829268
      2.2340000     -1.4956086      1.7129310     0.73270555      9.4537323     0.73270555
      2.2350000     -1.4917160      1.7579211     0.72524596      12.784604     0.72524596
      2.2360000     -1.4909530      1.7242709     0.72247203      12.514574     0.72247203
      2.2370000     -1.4916556      1.6870134     0.72809456      10.189797     0.72809456
      2.2380000     -1.4788227      2.6458001     0.61956678      186.75874     0.64057073
      2.2390000     -1.4838161      1.9286918     0.70824579      20.258684     0.70824579
      2.2400000     -1.4820886      1.8867511     0.70371138      19.465838     0.70371138
      2.2410000     -1.4820314      1.9986350     0.70755128      21.433711     0.70755128
      2.2420000     -1.4792876      1.8307136     0.70347496      20.521005     0.70347496
      2.2430000     -1.4768483      1.8550382     0.70037660      19.242342     0.70037660
      2.2440000     -1.4783113      1.8092744     0.71019762      13.936476     0.71019762
      2.2450000     -1.4759396      1.7437644     0.70587819      12.001154     0.70587819
      2.2460000     -1.4701210      2.0554135     0.68445945      33.684097     0.68445945
      2.2470000     -1.4669822      2.0516939     0.67162118      39.556017     0.67162118
      2.2480000     -1.4658844      2.1049824     0.67707012      28.705455     0.67707012
      2.2490000     -1.4627101      2.1245636     0.66363678      40.896000     0.66363678
      2.2500000     -1.4662550      1.8896534     0.68848085      19.659902     0.68848085
      2.2510000     -1.4593565      2.2609383     0.65414990      70.113421     0.65434970
      2.2520000     -1.4630081      1.9391472     0.68203621      20.004187     0.68203621
      2.2530000     -1.4573511      2.0026626     0.66535671      31.920931     0.66535671
      2.2540000     -1.4540856      2.3483059     0.65119032      59.131397     0.65119032
      2.2550000     -1.4540639      2.1122885     0.66040079      33.183349     0.66040079
      2.2560000     -1.4541536      2.1130296     0.66467471      30.815164     0.66467471
      2.2570000     -1.4501934      2.1743540     0.65389998      36.907335     0.65389998
      2.2580000     -1.4474745      2.0961474     0.64434484      41.853629     0.64434484
      2.2590000     -1.4468405      2.0091558     0.65056145      28.497196     0.65056145
      2.2600000     -1.4472753      1.9393145     0.66023584      24.357835     0.66023584
      2.2610000     -1.4360809      2.5268741     0.49922616      104.57331     0.59239006
      2.2620000     -1.4329718      2.5059783     0.40541469      101.81191     0.58055711
      2.2630000     -1.4324819      2.5093226     0.55799723      102.55749     0.58394369
      2.2640000     -1.4325742      2.3770013     0.60176966      70.933197     0.60176966
      2.2650000     -1.4299288      2.4712316     0.48856568      84.342891     0.59237010
      2.2660000     -1.4304683      2.2831299     0.60987984      55.950258     0.60987984
      2.2670000     -1.4247882      2.6163343     0.36511785      128.66273     0.56682177
      2.2680000     -1.4251501      2.5935587     0.56670100      105.91126     0.58082305
      2.2690000     -1.4215147      2.4225837     0.56941650      95.932075     0.57076990
      2.2700000     -1.4191588      2.3131476     0.55876062      103.02309     0.56277350
      2.2710000     -1.4145791      2.3396347     0.53709323      117.84498     0.54122188
      2.2720000     -1.4174802      2.3143690     0.57273769      76.947086     0.57353637
      2.2730000     -1.4131289      2.3777559     0.38380319      78.227802     0.56015675
      2.2740000     -1.4106101      2.4107243     0.41177258      117.65330     0.54140307
      2.2750000     -1.4096441      2.4079527     0.55679427      76.871797     0.55731370
      2.2760000     -1.4071679      2.3898374     0.52459540      113.87917     0.53054951
      2.2770000     -1.4078798      2.2826986     0.57053087      58.550322     0.57053087
      2.2780000     -1.4015344      2.5044681     0.42390639      147.28374     0.51262924
      2.2790000     -1.4046627      2.2009456     0.55324216      85.980861     0.55357865
      2.2800000     -1.3980964      2.5940714     0.37462793      111.60713     0.51682633
      2.2810000     -1.4021865      2.4711430     0.33348148      93.066703     0.55188063
      2.2820000     -1.3945128      2.6178739     0.50326123      109.91936     0.51041872
      2.2830000     -1.3887982      2.4550819     0.47139060      125.85727     0.48271217
      2.2840000     -1.3934492      2.5273811     0.23006003      118.33072     0.51331176
      2.2850000     -1.3885691      2.4932802     0.27567117      120.84799     0.49596966
      2.2860000     -1.3815852      2.4566361    0.049852094      146.37068     0.44855815
      2.2870000     -1.3779644      2.5495140     0.27310860      163.15263     0.43320101
      2.2880000     -1.3777555      2.4909959     0.27053035      161.15274     0.43353241
      2.2890000     -1.3720132      2.5646608     0.26656556      165.78634     0.40245911
      2.2900000     -1.3681671      2.4646426     0.21229257      183.40940     0.36849860
      2.2910000     -1.3712125      2.5122691     0.21767633      166.37966     0.40727951
      2.2920000     -1.3667927      2.2755896     0.37776546      129.45155     0.40573116
      2.2930000     -1.3655877      2.4373160     0.29445719      171.53896     0.38463951
      2.2940000     -1.3683043      2.6493385     0.25701913      174.22469     0.41033560
      2.2950000     -1.3580970      2.3605044     0.23090755      140.72593     0.36357322
      2.2960000     -1.3603433      2.2933255     0.24693567      140.73410     0.39465318
      2.2970000     -1.3568964      2.3007137     0.10542270      136.57731     0.38521730
      2.2980000     -1.3574934      2.5665530     0.19607040      177.52439     0.36845778
      2.2990000     -1.3500193      2.3890175    0.066307688      159.04299     0.31659684
      2.3000000     -1.3537135      2.2510553     0.27883338      139.24752     0.37772763
