      T:            <E>/L^2:     Evariance/T^2:  <M>/L^2:      Mvariance/T:     <|M|>/L^2:    MCcycles:     Accept:
      1.0000000     -1.9971240    0.023699450     0.99926400   0.0016073216     0.99926400          10000           2908
      1.0100000     -1.9968300    0.025248936     0.99919100   0.0017130768     0.99919100          10000           3050
      1.0200000     -1.9966240    0.026375480     0.99914150   0.0017903834     0.99914150          10000           3297
      1.0300000     -1.9963930    0.028006240     0.99907600   0.0019655239     0.99907600          10000           3678
      1.0400000     -1.9963560    0.027012302     0.99907100   0.0018815227     0.99907100          10000           3763
      1.0500000     -1.9957470    0.031369430     0.99891300   0.0022184499     0.99891300          10000           4460
      1.0600000     -1.9956650    0.031611881     0.99889250   0.0022739410     0.99889250          10000           4604
      1.0700000     -1.9951270    0.034666389     0.99875000   0.0025411215     0.99875000          10000           4862
      1.0800000     -1.9947820    0.037480273     0.99864800   0.0029378133     0.99864800          10000           5424
      1.0900000     -1.9940830    0.042036566     0.99847400   0.0032059905     0.99847400          10000           5996
      1.1000000     -1.9938310    0.041994525     0.99840950   0.0032519308     0.99840950          10000           6356
      1.1100000     -1.9936180    0.043019260     0.99835750   0.0033206104     0.99835750          10000           6591
      1.1200000     -1.9932440    0.044310097     0.99826000   0.0034401429     0.99826000          10000           6989
      1.1300000     -1.9922190    0.050104484     0.99799150   0.0039852842     0.99799150          10000           7740
      1.1400000     -1.9918760    0.053198099     0.99789350   0.0043211080     0.99789350          10000           8422
      1.1500000     -1.9915180    0.054459184     0.99780350   0.0044044827     0.99780350          10000           8756
      1.1600000     -1.9913660    0.053404888     0.99776850   0.0043527268     0.99776850          10000           9324
      1.1700000     -1.9905940    0.059097718     0.99754400   0.0051019022     0.99754400          10000           9902
      1.1800000     -1.9897280    0.062621665     0.99733950   0.0052251660     0.99733950          10000          10451
      1.1900000     -1.9896420    0.062919804     0.99730450   0.0053854722     0.99730450          10000          10990
      1.2000000     -1.9881480    0.069525027     0.99690800   0.0061265120     0.99690800          10000          12240
      1.2100000     -1.9873080    0.074850935     0.99669050   0.0065602346     0.99669050          10000          12919
      1.2200000     -1.9871990    0.072712819     0.99664200   0.0066701102     0.99664200          10000          13534
      1.2300000     -1.9865520    0.076227456     0.99647900   0.0069211574     0.99647900          10000          14284
      1.2400000     -1.9851610    0.080232591     0.99611200   0.0074285342     0.99611200          10000          15269
      1.2500000     -1.9849950    0.081233914     0.99607450   0.0075113439     0.99607450          10000          15796
      1.2600000     -1.9843470    0.082951270     0.99589050   0.0078173047     0.99589050          10000          16560
      1.2700000     -1.9829590    0.094070139     0.99551250   0.0089747539     0.99551250          10000          17864
      1.2800000     -1.9819930    0.092738758     0.99523900   0.0091477747     0.99523900          10000          18850
      1.2900000     -1.9809590     0.10179925     0.99497250    0.010025347     0.99497250          10000          19867
      1.3000000     -1.9801290     0.10359606     0.99473900    0.010415963     0.99473900          10000          21027
      1.3100000     -1.9791600     0.10709269     0.99449150    0.010672955     0.99449150          10000          22020
      1.3200000     -1.9777300     0.11280236     0.99406650    0.011812448     0.99406650          10000          23691
      1.3300000     -1.9770080     0.11515585     0.99387950    0.011907362     0.99387950          10000          24604
      1.3400000     -1.9757510     0.11848875     0.99353200    0.012601485     0.99353200          10000          25963
      1.3500000     -1.9754410     0.11805005     0.99345100    0.012574992     0.99345100          10000          26588
      1.3600000     -1.9736470     0.12619148     0.99291600    0.014159395     0.99291600          10000          28346
      1.3700000     -1.9719970     0.13109745     0.99248100    0.014648070     0.99248100          10000          30114
      1.3800000     -1.9702200     0.13781802     0.99198500    0.015662254     0.99198500          10000          31940
      1.3900000     -1.9695780     0.13774482     0.99180000    0.016148201     0.99180000          10000          32636
      1.4000000     -1.9686960     0.14399583     0.99160050    0.016385971     0.99160050          10000          33982
      1.4100000     -1.9665980     0.14360372     0.99099550    0.016749356     0.99099550          10000          35912
      1.4200000     -1.9651560     0.14709297     0.99055800    0.017630602     0.99055800          10000          37672
      1.4300000     -1.9637570     0.15493275     0.99020600    0.018484633     0.99020600          10000          39368
      1.4400000     -1.9617640     0.17067290     0.98957350    0.021830722     0.98957350          10000          40950
      1.4500000     -1.9599950     0.16959429     0.98903550    0.022127514     0.98903550          10000          43403
      1.4600000     -1.9578980     0.18144522     0.98849950    0.022982466     0.98849950          10000          45619
      1.4700000     -1.9563590     0.18176743     0.98794550    0.027283409     0.98794550          10000          47500
      1.4800000     -1.9546950     0.18870471     0.98753250    0.025028093     0.98753250          10000          49458
      1.4900000     -1.9527190     0.19231513     0.98695650    0.025955599     0.98695650          10000          51624
      1.5000000     -1.9518010     0.18764203     0.98670700    0.025828307     0.98670700          10000          52917
      1.5100000     -1.9490260     0.20632978     0.98592650    0.028383867     0.98592650          10000          56291
      1.5200000     -1.9461300     0.20893059     0.98502900    0.030407673     0.98502900          10000          58944
      1.5300000     -1.9445480     0.21909790     0.98444450    0.033395796     0.98444450          10000          61093
      1.5400000     -1.9428570     0.22869414     0.98405050    0.033667779     0.98405050          10000          63018
      1.5500000     -1.9401770     0.22993027     0.98328100    0.033997429     0.98328100          10000          65765
      1.5600000     -1.9388580     0.23578498     0.98280000    0.035891026     0.98280000          10000          68274
      1.5700000     -1.9366590     0.23615850     0.98225650    0.036228206     0.98225650          10000          70393
      1.5800000     -1.9332260     0.24184152     0.98117700    0.037710043     0.98117700          10000          74862
      1.5900000     -1.9314990     0.25219619     0.98067050    0.039822121     0.98067050          10000          76791
      1.6000000     -1.9281270     0.26203779     0.97961400    0.043110251     0.97961400          10000          80448
      1.6100000     -1.9250070     0.26842791     0.97869000    0.043654385     0.97869000          10000          83821
      1.6200000     -1.9246970     0.26927727     0.97872350    0.043073592     0.97872350          10000          84706
      1.6300000     -1.9201150     0.29966002     0.97713900    0.051152068     0.97713900          10000          90302
      1.6400000     -1.9176130     0.29469843     0.97622600    0.054362664     0.97622600          10000          93764
      1.6500000     -1.9144430     0.29776305     0.97532700    0.053001957     0.97532700          10000          97607
      1.6600000     -1.9107210     0.30632460     0.97418050    0.055068896     0.97418050          10000         101023
      1.6700000     -1.9084300     0.31884329     0.97341300    0.059411121     0.97341300          10000         104724
      1.6800000     -1.9061030     0.32215184     0.97251600    0.063123749     0.97251600          10000         107621
      1.6900000     -1.9016560     0.33977489     0.97122500    0.066186834     0.97122500          10000         112026
      1.7000000     -1.8979360     0.33941037     0.97016300    0.065690219     0.97016300          10000         116799
      1.7100000     -1.8971870     0.33206484     0.96981700    0.065165266     0.96981700          10000         119437
      1.7200000     -1.8916250     0.36034199     0.96793500    0.076854831     0.96793500          10000         124635
      1.7300000     -1.8885930     0.36283877     0.96696550    0.074714291     0.96696550          10000         128593
      1.7400000     -1.8864960     0.36150641     0.96626150    0.078366924     0.96626150          10000         132335
      1.7500000     -1.8787270     0.41010279     0.96315350     0.11547496     0.96315350          10000         139968
      1.7600000     -1.8757040     0.39916637     0.96259850    0.092401204     0.96259850          10000         144038
      1.7700000     -1.8712390     0.42061922     0.96106700    0.099302036     0.96106700          10000         149867
      1.7800000     -1.8690940     0.41694977     0.96025250    0.099319942     0.96025250          10000         153491
      1.7900000     -1.8663380     0.40619828     0.95961400    0.096831509     0.95961400          10000         156906
      1.8000000     -1.8579680     0.45449518     0.95591050     0.13292078     0.95591050          10000         166687
      1.8100000     -1.8533800     0.44457441     0.95493500     0.11213056     0.95493500          10000         171369
      1.8200000     -1.8501140     0.45639742     0.95384950     0.11832612     0.95384950          10000         176294
      1.8300000     -1.8452700     0.48727727     0.95195150     0.13086102     0.95195150          10000         182857
      1.8400000     -1.8386820     0.48014212     0.94919150     0.13645953     0.94919150          10000         191632
      1.8500000     -1.8349730     0.50134338     0.94808150     0.14402635     0.94808150          10000         196688
      1.8600000     -1.8311030     0.52926042     0.94632050     0.17055135     0.94632050          10000         202122
      1.8700000     -1.8254660     0.53170097     0.94445300     0.16994776     0.94445300          10000         208937
      1.8800000     -1.8199620     0.57277258     0.94239200     0.18143156     0.94239200          10000         216217
      1.8900000     -1.8142990     0.57900379     0.94001550     0.20133804     0.94001550          10000         224476
      1.9000000     -1.8101790     0.54136044     0.93890850     0.17697497     0.93890850          10000         228842
      1.9100000     -1.8049280     0.59019378     0.93668350     0.20611902     0.93668350          10000         236071
      1.9200000     -1.7991350     0.61345288     0.93385050     0.26339399     0.93385050          10000         244293
      1.9300000     -1.7901660     0.62216032     0.93032150     0.24438739     0.93032150          10000         256914
      1.9400000     -1.7855750     0.62356567     0.92818200     0.26907729     0.92818200          10000         261891
      1.9500000     -1.7789350     0.64525715     0.92603350     0.27744603     0.92603350          10000         270555
      1.9600000     -1.7734100     0.63182964     0.92388600     0.26425184     0.92388600          10000         278578
      1.9700000     -1.7663420     0.70760278     0.91925950     0.38748206     0.91925950          10000         288554
      1.9800000     -1.7595990     0.67057333     0.91743950     0.30002552     0.91743950          10000         297742
      1.9900000     -1.7569520     0.68381603     0.91742650     0.29664414     0.91742650          10000         302460
      2.0000000     -1.7466080     0.75220143     0.91183050     0.37878535     0.91183050          10000         314465
      2.0100000     -1.7344410     0.76436994     0.90434800     0.48479998     0.90434800          10000         332114
      2.0200000     -1.7283840     0.80385340     0.90305200     0.48216045     0.90305200          10000         340842
      2.0300000     -1.7216370     0.79426244     0.90078700     0.44661195     0.90078700          10000         349102
      2.0400000     -1.7142160     0.80498898     0.89467450     0.59792481     0.89467450          10000         361615
      2.0500000     -1.7088390     0.84195808     0.89288600     0.56279044     0.89288600          10000         368289
      2.0600000     -1.7040490     0.79425164     0.89302750     0.44957510     0.89302750          10000         375084
      2.0700000     -1.6918070     0.87161192     0.88481100     0.62786556     0.88481100          10000         391751
      2.0800000     -1.6768150     0.94729713     0.87562200     0.92109002     0.87562200          10000         412231
      2.0900000     -1.6690330     0.97490945     0.87313400     0.87677092     0.87313400          10000         422312
      2.1000000     -1.6647100     0.96358784     0.86798500      1.0325047     0.86798500          10000         430833
      2.1100000     -1.6607760     0.93097440     0.86950050     0.83918635     0.86950050          10000         436725
      2.1200000     -1.6440010     0.99074243     0.86024250     0.84813183     0.86024250          10000         459479
      2.1300000     -1.6235790      1.2289555     0.83594550      2.5810204     0.83630350          10000         487974
      2.1400000     -1.6202880      1.0467986     0.84442950      1.2335546     0.84442950          10000         493351
      2.1500000     -1.6077000      1.0329536     0.83636400      1.3174873     0.83636400          10000         511344
      2.1600000     -1.6050080      1.1310099     0.83629250      1.3305911     0.83629250          10000         516075
      2.1700000     -1.5888560      1.1854855    -0.24688150      2.2996742     0.82007150          10000         537988
      2.1800000     -1.5747970      1.2616025     0.81330650      1.9517201     0.81330650          10000         560235
      2.1900000     -1.5597890      1.3261396     0.23622800      2.8661067     0.79762600          10000         581429
      2.2000000     -1.5500760      1.3163962     0.79099800      2.9713403     0.79101400          10000         595911
      2.2100000     -1.5296990      1.4489236     0.54210200      3.7954663     0.77269700          10000         625409
      2.2200000     -1.5380380      1.2734689     0.79030950      2.3255427     0.79030950          10000         615275
      2.2300000     -1.5022880      1.4504169    -0.31170550      3.8916600     0.75302950          10000         667861
      2.2400000     -1.4959380      1.4258259     0.75000850      3.8324382     0.75112850          10000         677752
      2.2500000     -1.4788440      1.4889232    -0.59251700      4.3669950     0.73029700          10000         703115
      2.2600000     -1.4512670      1.5692164     0.21476900      5.2483684     0.69970200          10000         743784
      2.2700000     -1.4524820      1.5196631     0.50953000      4.6475940     0.71318500          10000         742778
      2.2800000     -1.4398090      1.6129820    -0.48637850      6.0566246     0.69332450          10000         762770
      2.2900000     -1.4084720      1.6648092   0.0033145000      6.1525643     0.66057150          10000         809052
      2.3000000     -1.3949580      1.8101519     0.34256000      8.1869839     0.63582300          10000         830832
      2.3100000     -1.3915830      1.7114060     0.51395650      8.3678478     0.63273250          10000         835644
      2.3200000     -1.3500850      1.7664702    -0.10791600      9.1632373     0.58088800          10000         896359
      2.3300000     -1.3531510      1.6732245     0.10230950      7.9801891     0.60117950          10000         894565
      2.3400000     -1.3283790      1.6324233     0.12690600      8.1839032     0.57301100          10000         930909
      2.3500000     -1.3101830      1.5121265     0.18660850      7.7308532     0.54956450          10000         960144
      2.3600000     -1.2841050      1.6656923   -0.061200500      9.2760355     0.50547750          10000        1000940
      2.3700000     -1.2632790      1.5032362     0.19110050      9.8908436     0.46940050          10000        1032637
      2.3800000     -1.2516900      1.4902990    0.063409000      10.208472     0.44572200          10000        1050860
      2.3900000     -1.2436660      1.2970600     0.20864150      8.2816019     0.45594650          10000        1065801
      2.4000000     -1.2404150      1.2998637    0.047990000      7.7673865     0.47191600          10000        1070836
      2.4100000     -1.2254400      1.3131858    0.096464500      8.9614082     0.42971150          10000        1096878
      2.4200000     -1.2104940      1.3305632   -0.074848000      8.7779672     0.41316600          10000        1122096
      2.4300000     -1.1883520      1.2294199   -0.030616000      8.1236553     0.38782300          10000        1155473
      2.4400000     -1.1924130      1.2047734     0.15974650      7.5756372     0.41648850          10000        1150999
      2.4500000     -1.1642550      1.2201946   -0.027700500      8.2527910     0.35436150          10000        1193303
      2.4600000     -1.1453980      1.0818535  -0.0091145000      6.9859635     0.34166350          10000        1223845
      2.4700000     -1.1520490      1.1277898    0.062859000      7.4083715     0.34933200          10000        1218349
      2.4800000     -1.1338500      1.1087381   -0.048352500      6.9660470     0.33721950          10000        1244927
      2.4900000     -1.1252490      1.0266672   -0.016188500      6.7892720     0.31469250          10000        1260560
      2.5000000     -1.1204220      1.0448219   -0.037687000      6.7121407     0.32130400          10000        1271061
      2.5100000     -1.1114630      1.0427041   -0.061905000      6.8977573     0.31719500          10000        1286308
      2.5200000     -1.1000690     0.92251482    0.085549000      6.1018812     0.30058600          10000        1305764
      2.5300000     -1.0910710     0.93171166   -0.062974500      6.1170583     0.29129950          10000        1320962
      2.5400000     -1.0839480     0.90358939    0.026827500      5.6672876     0.28873650          10000        1334622
      2.5500000     -1.0809800     0.91646841    0.039017500      5.3712687     0.30324950          10000        1338457
      2.5600000     -1.0591340     0.83911560   -0.025903000      4.8476906     0.25961900          10000        1375100
      2.5700000     -1.0485750     0.79864824    0.017161500      4.5319294     0.23678350          10000        1392582
      2.5800000     -1.0389450     0.73546764    0.013217000      4.1716295     0.23771100          10000        1413056
      2.5900000     -1.0430770     0.75913013    0.012123000      4.3849254     0.25528800          10000        1405716
      2.6000000     -1.0325430     0.74389368   0.0092885000      4.2651803     0.24393450          10000        1425402
      2.6100000     -1.0237970     0.76351274  -0.0020505000      4.1119764     0.23783050          10000        1441564
      2.6200000     -1.0178660     0.73407995    0.022946500      4.2016871     0.22906350          10000        1453242
      2.6300000     -1.0116410     0.74889255    0.027565000      4.1968948     0.23262800          10000        1465272
      2.6400000     -1.0066260     0.71195914  -0.0027755000      4.0006858     0.22800850          10000        1471989
      2.6500000    -0.99970800     0.67285979    0.012832000      3.7597906     0.22319800          10000        1485399
      2.6600000    -0.99042700     0.65370160   0.0032015000      3.3049010     0.21497150          10000        1502550
      2.6700000    -0.98620000     0.62862994   -0.025165000      3.3481679     0.21091900          10000        1511470
      2.6800000    -0.97880600     0.64263947   -0.013787000      3.2936079     0.21233600          10000        1523488
      2.6900000    -0.96940500     0.60342096  -0.0061900000      3.0480195     0.19868700          10000        1541707
      2.7000000    -0.96708800     0.61627765    0.010353000      3.3737997     0.20147200          10000        1546717
      2.7100000    -0.95910800     0.59878511    0.032023000      2.9868206     0.20087200          10000        1559568
      2.7200000    -0.94983100     0.58267741  -0.0093085000      2.7048279     0.18621150          10000        1577703
      2.7300000    -0.95097500     0.56387497  -0.0070790000      2.7920069     0.19798800          10000        1577530
      2.7400000    -0.94147800     0.59704915   0.0097195000      2.8504160     0.18640450          10000        1596600
      2.7500000    -0.94352600     0.57183774   0.0090640000      2.7451655     0.18870300          10000        1593522
      2.7600000    -0.93504100     0.59845402    0.023146000      2.7119030     0.18993600          10000        1610054
      2.7700000    -0.92047700     0.54731966   0.0068330000      2.3438928     0.17558100          10000        1633605
      2.7800000    -0.91875900     0.52324051    0.015600500      2.3898051     0.17973150          10000        1637722
      2.7900000    -0.91365600     0.53286025   -0.023931000      2.1650208     0.17464000          10000        1647334
      2.8000000    -0.90710700     0.52236635 -0.00060300000      2.2578313     0.17010500          10000        1659892
      2.8100000    -0.90251800     0.51796911  -0.0069795000      2.1489347     0.16503550          10000        1670653
      2.8200000    -0.89914000     0.49540870   0.0017485000      1.9600691     0.16419350          10000        1678490
      2.8300000    -0.89806900     0.53221397   0.0038475000      2.1406529     0.16870650          10000        1680889
      2.8400000    -0.88671700     0.51534179    0.012254000      2.1860013     0.16165100          10000        1701650
      2.8500000    -0.88459600     0.50343992  -0.0071050000      1.9772626     0.15879000          10000        1704950
      2.8600000    -0.88273400     0.49458483  -0.0051185000      1.9268875     0.16402950          10000        1713383
      2.8700000    -0.87805200     0.50198231   -0.010144000      2.0576026     0.16641300          10000        1724687
      2.8800000    -0.86870500     0.46658531   0.0028595000      1.8013920     0.15303150          10000        1738123
      2.8900000    -0.86781100     0.48417899 -0.00076700000      1.9946772     0.16076300          10000        1740758
      2.9000000    -0.85924700     0.45487957    0.025157500      1.6385026     0.14741950          10000        1758569
      2.9100000    -0.85614900     0.46630625   0.0035270000      1.8251919     0.15670700          10000        1765493
      2.9200000    -0.85264100     0.46184064  -0.0015155000      1.7956183     0.15526250          10000        1768811
      2.9300000    -0.84592600     0.45167131  -0.0051370000      1.5327083     0.14215100          10000        1784903
      2.9400000    -0.84041200     0.44371189  -0.0018870000      1.5534518     0.14414300          10000        1794346
      2.9500000    -0.83840700     0.44708589   -0.010551000      1.5390535     0.14502700          10000        1799334
      2.9600000    -0.83522900     0.42687489   0.0081285000      1.4192222     0.13706350          10000        1808449
      2.9700000    -0.82901900     0.41317088   0.0021455000      1.3643065     0.13929850          10000        1818127
      2.9800000    -0.82412800     0.42516371   -0.011459500      1.5061440     0.14307650          10000        1829025
      2.9900000    -0.82319200     0.41807636  -0.0085335000      1.5374825     0.14155750          10000        1834484
      3.0000000    -0.81995000     0.42196789    0.017556000      1.5956237     0.14441900          10000        1838504
