      T:            <E>/L^2:     Evariance/T^2:  <M>/L^2:      Mvariance/T:     <|M|>/L^2:    MCcycles:     Accept:
      1.0000000     -2.0000000      0.0000000      1.0000000      0.0000000      1.0000000             10              0
      1.0000000     -1.9981818    0.013223140     0.99954545  0.00082644628     0.99954545             11              2
      1.0000000     -1.9983333    0.012222222     0.99958333  0.00076388889     0.99958333             12              4
      1.0000000     -1.9984615    0.011360947     0.99961538  0.00071005917     0.99961538             13              6
      1.0000000     -1.9942857    0.032653061     0.99857143   0.0020408163     0.99857143             14              5
      1.0000000     -1.9987500   0.0093750000     0.99968750  0.00058593750     0.99968750             16              2
      1.0000000     -1.9929412    0.036539792     0.99823529   0.0022837370     0.99823529             17              6
      1.0000000     -1.9968421    0.038116343     0.99921053   0.0023822715     0.99921053             19              8
      1.0000000     -1.9971429    0.019591837     0.99928571   0.0012244898     0.99928571             21              7
      1.0000000     -1.9973913    0.018147448     0.99934783   0.0011342155     0.99934783             23              4
      1.0000000     -1.9976000    0.016896000     0.99940000   0.0010560000     0.99940000             25              6
      1.0000000     -1.9942857    0.041224490     0.99839286   0.0036096939     0.99839286             28             13
      1.0000000     -1.9974194    0.028303850     0.99935484   0.0017689906     0.99935484             31              7
      1.0000000     -1.9967647    0.034636678     0.99911765   0.0026297578     0.99911765             34             18
      1.0000000     -1.9983784    0.011921110     0.99959459  0.00074506939     0.99959459             37              8
      1.0000000     -1.9985366    0.010850684     0.99963415  0.00067816776     0.99963415             41              7
      1.0000000     -1.9993333   0.0078222222     0.99977778  0.00086913580     0.99977778             45             12
      1.0000000     -1.9980000    0.014400000     0.99950000  0.00090000000     0.99950000             50             18
      1.0000000     -1.9967273    0.027715702     0.99918182   0.0017322314     0.99918182             55              7
      1.0000000     -1.9977049    0.016253695     0.99942623   0.0010158560     0.99942623             61             10
      1.0000000     -1.9964179    0.033076409     0.99910448   0.0020672756     0.99910448             67             22
      1.0000000     -1.9991892   0.0062235208     0.99979730  0.00038897005     0.99979730             74             18
      1.0000000     -1.9982716    0.012632221     0.99956790  0.00078951379     0.99956790             81             14
      1.0000000     -1.9988764   0.0084837773     0.99971910  0.00053023608     0.99971910             89             16
      1.0000000     -1.9974490    0.023927530     0.99933673   0.0017628072     0.99933673             98             22
      1.0000000     -1.9975000    0.023055556     0.99935185   0.0016838134     0.99935185            108             28
      1.0000000     -1.9974790    0.017625874     0.99936975   0.0011016171     0.99936975            119             38
      1.0000000     -1.9964122    0.024469437     0.99908397   0.0016490880     0.99908397            131             46
      1.0000000     -1.9980556    0.014043210     0.99951389  0.00087770062     0.99951389            144             32
      1.0000000     -1.9975949    0.016926775     0.99939873   0.0010579234     0.99939873            158             38
      1.0000000     -1.9970115    0.020335579     0.99925287   0.0012709737     0.99925287            174             52
      1.0000000     -1.9943979    0.039174365     0.99856021   0.0026786546     0.99856021            191             80
      1.0000000     -1.9970616    0.023086633     0.99926540   0.0014429146     0.99926540            211             46
      1.0000000     -1.9978017    0.017549792     0.99943966   0.0011675089     0.99943966            232             61
      1.0000000     -1.9979608    0.017473895     0.99947059   0.0012604383     0.99947059            255             60
      1.0000000     -1.9970107    0.026034118     0.99925267   0.0016271324     0.99925267            281             90
      1.0000000     -1.9969903    0.022913878     0.99923948   0.0014838554     0.99923948            309             90
      1.0000000     -1.9981471    0.015685467     0.99952941   0.0010290657     0.99952941            340             72
      1.0000000     -1.9971123    0.030889073     0.99925134   0.0021822185     0.99925134            374             92
      1.0000000     -1.9965937    0.029227390     0.99912409   0.0020288774     0.99912409            411            124
      1.0000000     -1.9966814    0.022851437     0.99915929   0.0015314433     0.99915929            452            118
      1.0000000     -1.9970825    0.022108344     0.99926559   0.0014140375     0.99926559            497            176
      1.0000000     -1.9976051    0.019424282     0.99939671   0.0012438129     0.99939671            547            128
      1.0000000     -1.9976412    0.020232889     0.99940199   0.0013187492     0.99940199            602            156
      1.0000000     -1.9974018    0.021831491     0.99932779   0.0015262046     0.99932779            662            192
      1.0000000     -1.9971154    0.023814455     0.99925824   0.0016205772     0.99925824            728            200
      1.0000000     -1.9965918    0.027563299     0.99914482   0.0017424225     0.99914482            801            228
      1.0000000     -1.9973439    0.019970393     0.99931896   0.0013581718     0.99931896            881            214
      1.0000000     -1.9981340    0.016627867     0.99953093   0.0010563184     0.99953093            970            204
      1.0000000     -1.9977788    0.018382681     0.99943768   0.0012043507     0.99943768           1067            290
      1.0000000     -1.9974510    0.020418902     0.99935635   0.0013261876     0.99935635           1173            322
      1.0000000     -1.9966847    0.027207030     0.99915569   0.0018372442     0.99915569           1291            377
      1.0000000     -1.9973662    0.019985796     0.99933451   0.0012946786     0.99933451           1420            376
      1.0000000     -1.9970423    0.023338082     0.99925416   0.0014996410     0.99925416           1562            450
      1.0000000     -1.9968976    0.025137129     0.99920256   0.0017479648     0.99920256           1718            486
      1.0000000     -1.9970159    0.024459158     0.99924339   0.0016017021     0.99924339           1890            592
      1.0000000     -1.9967100    0.025569236     0.99916546   0.0016790919     0.99916546           2079            606
      1.0000000     -1.9973109    0.021856049     0.99931570   0.0014523947     0.99931570           2287            622
      1.0000000     -1.9967011    0.028651707     0.99915541   0.0019284955     0.99915541           2516            734
      1.0000000     -1.9973085    0.023272907     0.99932081   0.0014990060     0.99932081           2768            728
      1.0000000     -1.9975230    0.020909775     0.99936268   0.0014538240     0.99936268           3044            809
      1.0000000     -1.9972440    0.022533495     0.99929681   0.0015131652     0.99929681           3349            912
      1.0000000     -1.9971960    0.024314278     0.99928339   0.0016458353     0.99928339           3684           1128
      1.0000000     -1.9969891    0.024922756     0.99923618   0.0016348446     0.99923618           4052           1177
      1.0000000     -1.9969980    0.026424320     0.99923155   0.0017763558     0.99923155           4457           1336
      1.0000000     -1.9968876    0.025478693     0.99920763   0.0017007248     0.99920763           4903           1458
      1.0000000     -1.9971431    0.023142418     0.99927419   0.0015263973     0.99927419           5394           1566
      1.0000000     -1.9973993    0.021666683     0.99933508   0.0014631297     0.99933508           5933           1612
      1.0000000     -1.9975988    0.020206788     0.99938860   0.0013552260     0.99938860           6526           1676
      1.0000000     -1.9971835    0.023783223     0.99927845   0.0016276571     0.99927845           7179           2078
      1.0000000     -1.9972205    0.022808113     0.99928770   0.0015483518     0.99928770           7897           2343
      1.0000000     -1.9971532    0.023837876     0.99927305   0.0016039747     0.99927305           8687           2540
      1.0000000     -1.9971198    0.023206187     0.99926269   0.0015816075     0.99926269           9555           2776
      1.0000000     -1.9971592    0.024088011     0.99927409   0.0016196874     0.99927409          10511           3052
      1.0000000     -1.9971692    0.023132575     0.99927910   0.0015452805     0.99927910          11562           3294
      1.0000000     -1.9970939    0.024739421     0.99925578   0.0016993537     0.99925578          12718           3686
      1.0000000     -1.9971029    0.023584897     0.99926519   0.0015481386     0.99926519          13990           4169
      1.0000000     -1.9970550    0.024244184     0.99924979   0.0016196975     0.99924979          15389           4424
      1.0000000     -1.9972726    0.022764045     0.99930411   0.0015265225     0.99930411          16928           4956
      1.0000000     -1.9970447    0.024773573     0.99924762   0.0016445778     0.99924762          18621           5508
      1.0000000     -1.9972291    0.023146285     0.99929237   0.0015586403     0.99929237          20484           5932
      1.0000000     -1.9971192    0.023584374     0.99926460   0.0016015346     0.99926460          22532           6682
      1.0000000     -1.9972338    0.022396612     0.99929695   0.0014795145     0.99929695          24785           6872
      1.0000000     -1.9970885    0.023745344     0.99925763   0.0015900002     0.99925763          27264           8028
      1.0000000     -1.9971130    0.023837903     0.99926459   0.0015912703     0.99926459          29990           8658
      1.0000000     -1.9971439    0.023601781     0.99926976   0.0015976045     0.99926976          32989           9752
      1.0000000     -1.9971310    0.023712623     0.99926849   0.0015873798     0.99926849          36288          10726
      1.0000000     -1.9972438    0.022604512     0.99929717   0.0015177194     0.99929717          39917          11376
      1.0000000     -1.9970915    0.024458343     0.99925926   0.0016300307     0.99925926          43909          13052
      1.0000000     -1.9970741    0.023699500     0.99925455   0.0015837288     0.99925455          48300          14138
      1.0000000     -1.9972035    0.023229743     0.99928797   0.0015472540     0.99928797          53130          15430
      1.0000000     -1.9972127    0.022932045     0.99928905   0.0015407153     0.99928905          58443          16818
      1.0000000     -1.9971453    0.023441789     0.99927178   0.0015743988     0.99927178          64287          18656
      1.0000000     -1.9971780    0.023459716     0.99928114   0.0015661614     0.99928114          70716          20468
      1.0000000     -1.9972319    0.022857181     0.99929577   0.0015193914     0.99929577          77787          22468
      1.0000000     -1.9971802    0.023220606     0.99928143   0.0015517558     0.99928143          85566          24856
      1.0000000     -1.9972043    0.023087826     0.99928609   0.0015558538     0.99928609          94123          27252
      1.0000000     -1.9972091    0.022875085     0.99928840   0.0015335808     0.99928840         103535          29664
      1.0000000     -1.9972006    0.023161843     0.99928707   0.0015437437     0.99928707         113889          32568
      1.0000000     -1.9971012    0.023825603     0.99926088   0.0015944908     0.99926088         125278          36808
      1.0000000     -1.9971196    0.023636833     0.99926513   0.0015873891     0.99926513         137806          40134
      1.0000000     -1.9971678    0.023272559     0.99927724   0.0015656185     0.99927724         151586          43968
      1.0000000     -1.9971899    0.023280031     0.99928334   0.0015628864     0.99928334         166745          48014
      1.0000000     -1.9971633    0.023312477     0.99927750   0.0015556828     0.99927750         183419          53196
      1.0000000     -1.9971200    0.023743074     0.99926460   0.0015993379     0.99926460         201761          58976
      1.0000000     -1.9971622    0.023445181     0.99927610   0.0015753028     0.99927610         221938          63786
      1.0000000     -1.9971693    0.023325473     0.99927824   0.0015619426     0.99927824         244131          70074
      1.0000000     -1.9971718    0.023307561     0.99927750   0.0015729819     0.99927750         268545          77925
      1.0000000     -1.9971607    0.023237777     0.99927620   0.0015547706     0.99927620         295399          85208
