      T:            <E>/L^2:     Evariance/T^2:  <M>/L^2:      Mvariance/T:     <|M|>/L^2:    MCcycles:     Accept:
      1.0000000     -2.0000000      0.0000000      1.0000000      0.0000000      1.0000000              5              0
      1.0000000     -1.9900000    0.040000000     0.99750000   0.0025000000     0.99750000              6              1
      1.0000000     -2.0000000      0.0000000      1.0000000      0.0000000      1.0000000              7              0
      1.0000000     -2.0000000      0.0000000      1.0000000      0.0000000      1.0000000              8              2
      1.0000000     -1.9980000    0.014400000     0.99950000  0.00090000000     0.99950000             10              2
      1.0000000     -1.9983333    0.012222222     0.99958333  0.00076388889     0.99958333             12              4
      1.0000000     -1.9957143    0.026938776     0.99892857   0.0016836735     0.99892857             14              6
      1.0000000     -2.0000000      0.0000000      1.0000000      0.0000000      1.0000000             17              0
      1.0000000     -1.9980952    0.013786848     0.99952381  0.00086167800     0.99952381             21              6
      1.0000000     -1.9984000    0.011776000     0.99960000  0.00073600000     0.99960000             25              4
      1.0000000     -1.9953333    0.063288889     0.99866667   0.0052888889     0.99866667             30             14
      1.0000000     -1.9967568    0.021738495     0.99918919   0.0013586560     0.99918919             37              6
      1.0000000     -1.9981818    0.013223140     0.99954545  0.00082644628     0.99954545             44             10
      1.0000000     -1.9984906    0.011164115     0.99962264  0.00069775721     0.99962264             53             14
      1.0000000     -1.9945313    0.048662109     0.99859375   0.0032714844     0.99859375             64             24
      1.0000000     -1.9979221    0.019052117     0.99948052   0.0011907573     0.99948052             77             18
      1.0000000     -1.9976087    0.027277883     0.99940217   0.0017048677     0.99940217             92             30
      1.0000000     -1.9974545    0.017771901     0.99936364   0.0011107438     0.99936364            110             25
      1.0000000     -1.9972932    0.023535531     0.99932331   0.0014709707     0.99932331            133             36
      1.0000000     -1.9981132    0.015682924     0.99952830  0.00098018275     0.99952830            159             42
      1.0000000     -1.9970681    0.028393958     0.99926702   0.0017746224     0.99926702            191             52
      1.0000000     -1.9973043    0.020049905     0.99928261   0.0017506616     0.99928261            230             60
      1.0000000     -1.9976087    0.019161941     0.99940217   0.0011976213     0.99940217            276             70
      1.0000000     -1.9983082    0.012389810     0.99957704  0.00077436314     0.99957704            331             82
      1.0000000     -1.9964736    0.028476546     0.99909320   0.0019380873     0.99909320            397            118
      1.0000000     -1.9976891    0.016351246     0.99942227   0.0010219529     0.99942227            476            118
      1.0000000     -1.9981119    0.015217370     0.99951923   0.0010089430     0.99951923            572            128
      1.0000000     -1.9970262    0.024451037     0.99924198   0.0016360530     0.99924198            686            208
      1.0000000     -1.9978519    0.016649484     0.99945995   0.0010605235     0.99945995            824            226
      1.0000000     -1.9969666    0.024145561     0.99921638   0.0016856197     0.99921638            989            312
      1.0000000     -1.9972175    0.022468086     0.99929174   0.0014856860     0.99929174           1186            334
      1.0000000     -1.9971559    0.022410503     0.99928020   0.0014570791     0.99928020           1424            428
      1.0000000     -1.9973376    0.022278804     0.99932709   0.0014455601     0.99932709           1709            454
      1.0000000     -1.9973171    0.023071981     0.99930488   0.0016847710     0.99930488           2050            594
      1.0000000     -1.9971841    0.023955403     0.99928078   0.0016053606     0.99928078           2461            694
      1.0000000     -1.9971859    0.023503547     0.99928039   0.0015910376     0.99928039           2953            854
      1.0000000     -1.9973138    0.021808926     0.99931574   0.0014746819     0.99931574           3544            948
      1.0000000     -1.9970367    0.024728342     0.99924506   0.0016440871     0.99924506           4252           1331
      1.0000000     -1.9972428    0.023320100     0.99929649   0.0015735377     0.99929649           5103           1430
      1.0000000     -1.9970950    0.023763598     0.99925947   0.0016046179     0.99925947           6124           1807
      1.0000000     -1.9971979    0.022754724     0.99928620   0.0015259184     0.99928620           7348           2124
      1.0000000     -1.9972114    0.022849988     0.99928725   0.0015443587     0.99928725           8818           2480
      1.0000000     -1.9970289    0.025015655     0.99924589   0.0016474087     0.99924589          10582           3244
      1.0000000     -1.9971570    0.023618487     0.99927705   0.0015644458     0.99927705          12698           3760
      1.0000000     -1.9970633    0.023989527     0.99924990   0.0016150774     0.99924990          15238           4542
      1.0000000     -1.9971229    0.023820139     0.99926747   0.0015850988     0.99926747          18286           5212
      1.0000000     -1.9972210    0.022453365     0.99929476   0.0014740276     0.99929476          21943           6254
      1.0000000     -1.9971449    0.023265304     0.99927199   0.0015637858     0.99927199          26332           7752
      1.0000000     -1.9971805    0.023400371     0.99927970   0.0015849864     0.99927970          31598           9204
      1.0000000     -1.9971842    0.023012349     0.99928148   0.0015459550     0.99928148          37918          10774
      1.0000000     -1.9971184    0.023815748     0.99926619   0.0015862859     0.99926619          45502          13140
      1.0000000     -1.9971884    0.022932203     0.99928437   0.0015286007     0.99928437          54602          15756
      1.0000000     -1.9971935    0.023110136     0.99928498   0.0015496940     0.99928498          65523          18812
      1.0000000     -1.9971460    0.023357709     0.99927360   0.0015556306     0.99927360          78627          23046
      1.0000000     -1.9971557    0.023402203     0.99927411   0.0015748677     0.99927411          94353          27140
