      T:            <E>/L^2:     Evariance/T^2:  <M>/L^2:      Mvariance/T:     <|M|>/L^2:    MCcycles:     Accept:
      1.0000000     -2.0000000      0.0000000      1.0000000      0.0000000      1.0000000              5              0
      1.0000000     -2.0000000      0.0000000      1.0000000      0.0000000      1.0000000              6              0
      1.0000000     -2.0000000      0.0000000      1.0000000      0.0000000      1.0000000              7              0
      1.0000000     -2.0000000      0.0000000      1.0000000      0.0000000      1.0000000              8              0
      1.0000000     -2.0000000      0.0000000      1.0000000      0.0000000      1.0000000             10              0
      1.0000000     -1.9933333    0.035555556     0.99833333   0.0022222222     0.99833333             12              8
      1.0000000     -1.9921429    0.046734694     0.99785714   0.0038775510     0.99785714             14             10
      1.0000000     -2.0000000      0.0000000      1.0000000      0.0000000      1.0000000             17              0
      1.0000000     -2.0000000      0.0000000      1.0000000      0.0000000      1.0000000             21              4
      1.0000000     -1.9984000    0.011776000     0.99960000  0.00073600000     0.99960000             25              5
      1.0000000     -1.9923333    0.079155556     0.99800000   0.0057333333     0.99800000             30             15
      1.0000000     -1.9940541    0.033425858     0.99851351   0.0020891161     0.99851351             37             18
      1.0000000     -1.9970455    0.022871901     0.99920455   0.0017923554     0.99920455             44             12
      1.0000000     -1.9988679   0.0085439658     0.99971698  0.00053399786     0.99971698             53              6
      1.0000000     -1.9975000    0.017500000     0.99937500   0.0010937500     0.99937500             64             30
      1.0000000     -1.9968831    0.025204925     0.99922078   0.0015753078     0.99922078             77             22
      1.0000000     -1.9984783    0.011247637     0.99961957  0.00070297732     0.99961957             92             22
      1.0000000     -1.9976364    0.016674380     0.99940909   0.0010421488     0.99940909            110             28
      1.0000000     -1.9976692    0.019781785     0.99939850   0.0013590367     0.99939850            133             40
      1.0000000     -1.9974843    0.021619398     0.99937107   0.0013512124     0.99937107            159             50
      1.0000000     -1.9981152    0.015332913     0.99950262   0.0012099449     0.99950262            191             48
      1.0000000     -1.9983478    0.013516824     0.99958696  0.00084480151     0.99958696            230             40
      1.0000000     -1.9965217    0.027914304     0.99911232   0.0018949538     0.99911232            276            101
      1.0000000     -1.9974924    0.020566442     0.99935045   0.0014324440     0.99935045            331             84
      1.0000000     -1.9974055    0.022194164     0.99933249   0.0015094316     0.99933249            397            110
      1.0000000     -1.9977731    0.019024786     0.99943277   0.0012578561     0.99943277            476            118
      1.0000000     -1.9969755    0.023403956     0.99922203   0.0016285332     0.99922203            572            176
      1.0000000     -1.9975219    0.020284065     0.99937318   0.0013297181     0.99937318            686            182
      1.0000000     -1.9975728    0.019779433     0.99939320   0.0012362145     0.99939320            824            220
      1.0000000     -1.9969666    0.024145561     0.99924166   0.0015090975     0.99924166            989            276
      1.0000000     -1.9973019    0.022180754     0.99931703   0.0014491723     0.99931703           1186            320
      1.0000000     -1.9974789    0.022261058     0.99935744   0.0014710846     0.99935744           1424            430
      1.0000000     -1.9975015    0.021961673     0.99935927   0.0015502412     0.99935927           1709            439
      1.0000000     -1.9968732    0.025572102     0.99920000   0.0017147317     0.99920000           2050            686
      1.0000000     -1.9974726    0.020102300     0.99936205   0.0013000269     0.99936205           2461            702
      1.0000000     -1.9973010    0.022457076     0.99930579   0.0015749233     0.99930579           2953            816
      1.0000000     -1.9971586    0.024524478     0.99927060   0.0016692434     0.99927060           3544           1022
      1.0000000     -1.9973683    0.021114887     0.99932620   0.0014247000     0.99932620           4252           1212
      1.0000000     -1.9970312    0.025594517     0.99923770   0.0017467894     0.99923770           5103           1491
      1.0000000     -1.9971391    0.024133081     0.99926274   0.0016849286     0.99926274           6124           1828
      1.0000000     -1.9971326    0.023815073     0.99926919   0.0015854951     0.99926919           7348           2142
      1.0000000     -1.9972318    0.022940721     0.99929859   0.0015008756     0.99929859           8818           2460
